1.0655605095541403 0.144688 0.006329113924050633 0.012658227848101266 0.2385621070861815 0.2205361002498081 0.0 0.036585365853658534 303.154 0
1.3706485507246378 0.24285454545454546 0.18772563176895307 0.0036101083032490976 0.2802413438375179 0.12380005475984533 0.364705890417099 0.04482758620689655 658.642 0
3.4726158536585365 0.2213587786259542 0.1393939393939394 0.012121212121212121 0.3686274786790212 0.08162141046639687 0.431372582912445 0.03508771929824561 2477.36 2
250.11521582733812 0.2652162162162162 0.04285714285714286 0.014285714285714285 0.312156879901886 0.07474679102313789 0.34901961684227006 0.034482758620689655 69519.037 2
50.94078813559322 0.27514893617021274 0.226890756302521 0.058823529411764705 0.22941177586714417 0.18834556494410848 0.29803922772407504 0.048 6052.762 2
5.421313888888889 0.21638888888888888 0.26869806094182824 0.01662049861495845 0.36701271200881286 0.17883525336271414 0.0 0.04497354497354497 2082.73 2
7.466242339832869 0.2179965156794425 0.11388888888888889 0.019444444444444445 0.23981901774039638 0.13445173859584802 0.0 0.03485254691689008 5346.4439999999995 0
5.516804020100502 0.2270062893081761 0.145 0.03 0.31738563776016226 0.18534468537428359 0.172549024224281 0.06976744186046512 2192.661 0
95.47399038461539 0.3694578313253012 0.14285714285714285 0.08571428571428572 0.3043137401342392 0.12315849285879862 0.26274511218071 0.045454545454545456 19825.063000000002 0
37.90305479452055 0.32017241379310346 0.0 0.0945945945945946 0.4540305286645888 0.2307217466466397 0.36862745881080605 0.10843373493975904 4666.928 0
118.8276186440678 0.3732659574468085 0.12605042016806722 0.025210084033613446 0.3717647314071654 0.0840351185563632 0.43529415130615207 0.04032258064516129 28035.474000000002 0
21.20193548387097 0.2591612903225807 0.25 0.01282051282051282 0.3011764943599702 0.18033675076634934 0.21960785984993 0.031055900621118012 6558.582 0
133.537 0.2696238532110092 0.09420289855072464 0.050724637681159424 0.3928104887406032 0.1522340069318503 0.650980442762375 0.041666666666666664 36584.594 0
5.370667673716012 0.22266918714555767 0.1297134238310709 0.015082956259426848 0.37184876416410717 0.1376632815659979 0.423529446125031 0.04052098408104197 7010.942 0
470.21213253012047 0.6480151515151515 0.17857142857142858 0.023809523809523808 0.34196080565452563 0.08584564742925757 0.43529415130615207 0.056179775280898875 73131.824 0
18.517345029239767 0.49938235294117644 0.06395348837209303 0.09883720930232558 0.2796568786725402 0.08800078345004193 0.43137256801128404 0.0851063829787234 6325.118 0
26.59166666666667 0.21022784810126582 0.37 0.0 0.3882353231310843 0.057635062854660385 0.42745101451873796 0.038461538461538464 4650.75 0
127.83341666666666 0.23228125 0.36363636363636365 0.024793388429752067 0.18627452198415986 0.18026709000048377 0.0 0.11678832116788321 30681.878 0
5.721421238938053 0.24505530973451328 0.2314487632508834 0.028268551236749116 0.26774108675244734 0.22262485287632827 0.0 0.11424100156494522 6445.365 0
2.0504245283018867 0.541 0.14018691588785046 0.0 0.34745099693536774 0.10719273370290161 0.211764723062515 0.08547008547008547 417.78999999999996 0
68.21250602409638 0.2897121212121212 0.023809523809523808 0.05952380952380952 0.3670588433742522 0.24257684863461496 0.20000001788139302 0.056179775280898875 11187.177 2
9.305886075949367 0.2430793650793651 0.15 0.0375 0.37254903713862103 0.10375496408713335 0.294117659330368 0.03614457831325301 735.592 0
60.043987179487175 0.4656774193548387 0.2911392405063291 0.0 0.4196078717708588 0.05098040000750522 0.45490199327468894 0.05952380952380952 9320.953 0
5.02294696969697 0.19458095238095238 0.08270676691729323 0.022556390977443608 0.20490197092294699 0.07917134868769034 0.223529428243637 0.029197080291970802 1293.845 0
54.10940229885057 0.23520289855072463 0.13636363636363635 0.0 0.0933333396911621 0.15991369611767278 0.0 0.10204081632653061 4730.826 0
105.1454512195122 0.19801538461538462 0.3614457831325301 0.0 0.39368194176091087 0.3160214315289325 0.0 0.1782178217821782 17160.129999999997 2
2.2447884615384615 0.27940963855421685 0.14285714285714285 0.009523809523809525 0.24705883928320618 0.25449225290555 0.0 0.1732283464566929 461.273 0
1.539 0.23341333333333333 0.13227513227513227 0.026455026455026454 0.2988235463698707 0.1594823376513057 0.18823531270027202 0.07352941176470588 519.913 0
39.96695054945055 0.19986206896551725 0.2568306010928962 0.00546448087431694 0.34411766752600675 0.1733604038176377 0.490196108818054 0.0213903743315508 14525.718 0
1.9279396226415095 0.20620754716981132 0.16541353383458646 0.02631578947368421 0.17273577125299547 0.22570486208427995 0.0 0.07317073170731707 982.971 0
306.1056025641025 0.40233870967741936 0.11392405063291139 0.0 0.1529411872227986 0.17971664262181355 0.0 0.13186813186813187 47744.221000000005 1
17.617103448275863 0.1977391304347826 0.056818181818181816 0.0 0.15151516144925892 0.18767296908637374 0.0 0.1111111111111111 3055.1670000000004 0
55.00904448398577 0.19802004454342984 0.2468916518650089 0.003552397868561279 0.21469348669052124 0.23696947397539384 0.0 0.12305295950155763 61550.085 0
2.978642727272727 0.22114318181818182 0.1880108991825613 0.021798365122615803 0.23703705160706134 0.18667138400447764 0.0 0.046753246753246755 6550.215 0
87.40939344262294 0.19411340206185568 0.04065040650406504 0.016260162601626018 0.38431375225385034 0.13281329681787613 0.42745101451873796 0.023809523809523808 10674.137 0
219.68915789473687 0.3138666666666667 0.23376623376623376 0.025974025974025976 0.2892156988382338 0.06840299020722608 0.266666680574417 0.04938271604938271 33372.458 0
417.6222 0.3177884615384615 0.045454545454545456 0.015151515151515152 0.14241486944650347 0.293172217288207 0.0 0.2235294117647059 27183.904 0
12.957895522388059 0.22128971962616822 0.2074074074074074 0.014814814814814815 0.5450980775058267 0.13421470169189667 0.611764743924141 0.02877697841726619 3292.5299999999997 0
246.31479591836734 0.2921025641025641 0.09644670050761421 0.005076142131979695 0.381699373324712 0.12624366194340125 0.41176474094390897 0.015 76819.50899999999 1
2.30515625 0.207046875 0.36645962732919257 0.0 0.2915032853682835 0.2807653434268471 0.0 0.03592814371257485 686.4780000000001 2
4.208755485893417 0.2071529411764706 0.2125 0.03125 0.32549021641413367 0.18176164872875225 0.490196108818054 0.02735562310030395 2671.081 0
215.20667415730335 0.22656338028169015 0.24444444444444444 0.0 0.33856210609277104 0.18636050037581062 0.5215686559677121 0.03225806451612903 24355.206 0
55.638201834862386 0.2581264367816092 0.05454545454545454 0.03636363636363636 0.323529422283173 0.06932419010193136 0.372549027204514 0.017857142857142856 6162.376 0
1.8408375 0.421046875 0.1728395061728395 0.0 0.34313727915287023 0.23021758289231428 0.43921571969986 0.047058823529411764 165.005 0
48.447389312977094 0.3321923076923077 0.20454545454545456 0.007575757575757576 0.2901960965245964 0.12615371464663017 0.19607844948768602 0.05714285714285714 12657.918000000001 0
195.4073 0.4775 0.15492957746478872 0.0 0.2964052458604176 0.13112845313606278 0.43529415130615207 0.14457831325301204 13810.343 0
133.4223023255814 0.3135441176470588 0.14942528735632185 0.034482758620689655 0.20130720362067217 0.245565110128658 0.0 0.12121212121212122 22944.311 0
91.57788489208633 0.3118828828828829 0.11428571428571428 0.04285714285714286 0.35921570956706994 0.24824801160423984 0.45882354676723497 0.034482758620689655 22762.648999999998 0
17.184942857142858 0.2725714285714286 0.09859154929577464 0.0 0.14656863734126094 0.28878611963972234 0.0 0.1839080459770115 2408.912 0
2.2077023593466425 0.3149636363636364 0.10144927536231885 0.050724637681159424 0.29388698146623726 0.1259607312451141 0.278431385755539 0.05802047781569966 2203.309 0
119.50253260869565 0.223265306122449 0.2648648648648649 0.02702702702702703 0.33542485634485875 0.22707333465996835 0.0 0.075 29292.61 0
0.46764634146341466 0.2506 0.3253012048192771 0.0 0.250980402032534 0.06837488985981469 0.28235295414924605 0.03488372093023256 64.195 0
415.6118681318681 0.3526944444444444 0.09782608695652174 0.07608695652173914 0.36143793165683735 0.24875753340960613 0.270588248968124 0.061224489795918366 75613.902 0
14.383216216216216 0.3709886363636364 0.05357142857142857 0.017857142857142856 0.27372550368309 0.06096746236886371 0.270588248968124 0.042735042735042736 1886.0120000000002 0
332.38623076923074 0.23240322580645162 0.17721518987341772 0.012658227848101266 0.2058823630213735 0.06788581898242833 0.294117659330368 0.04819277108433735 47584.026 0
8.8349125 0.245565625 0.2169576059850374 0.022443890274314215 0.3249673386414846 0.1725227141351272 0.18823531270027202 0.036057692307692304 5899.596 0
1.0877295081967213 0.30167692307692306 0.15510204081632653 0.00816326530612245 0.2702317427505147 0.15582455805914636 0.0 0.04296875 463.395 0
83.65833783783783 0.227045197740113 0.15246636771300448 0.0 0.335444966187844 0.18654343771520665 0.247058838605881 0.05508474576271186 29134.260000000002 0
0.6669101123595506 0.2631267605633803 0.16806722689075632 0.01680672268907563 0.23745775479694892 0.21956680300490652 0.0 0.07512953367875648 469.927 0
15.968960396039604 0.22773291925465838 0.19704433497536947 0.04433497536945813 0.40980393439531326 0.1525720415819584 0.627451002597809 0.01932367149758454 3323.911 0
4.925674858223062 0.20059810874704492 0.1641509433962264 0.020754716981132074 0.28272644040130435 0.17740453312097398 0.0 0.038112522686025406 4363.914 0
192.77360975609756 0.3070625 0.21428571428571427 0.0 0.10457517041100398 0.19697479147587577 0.0 0.5172413793103449 14297.717 0
12.82970238095238 0.3256467661691542 0.14624505928853754 0.007905138339920948 0.14727669899110443 0.24558766494235496 0.0 0.09642857142857143 4740.204 0
6.05136 0.20589285714285716 0.20454545454545456 0.017045454545454544 0.19738563150167485 0.1951770236533942 0.0 0.03296703296703297 1252.414 0
750.9314444444444 0.22626315789473683 0.1917808219178082 0.0 0.3102941289544105 0.10892883647643685 0.32549020648002597 0.09876543209876543 101796.084 0
205.65387777777778 0.26793055555555556 0.26373626373626374 0.0 0.4496732354164125 0.13692210759842918 0.431372582912445 0.061855670103092786 37930.242 1
2.3712450980392155 0.31637037037037036 0.06796116504854369 0.0 0.3152941346168516 0.0552927361774843 0.278431385755539 0.046296296296296294 380.5 0
26.654397435897433 0.2363709677419355 0.12658227848101267 0.02531645569620253 0.252941191196442 0.06932419010193133 0.301960796117783 0.024691358024691357 3449.9790000000003 0
0.682 0.23146153846153847 0.09644670050761421 0.07106598984771574 0.2610021962059869 0.21447173825510005 0.0 0.043689320388349516 12551.111 0
11.866279069767442 0.20781751824817518 0.20809248554913296 0.005780346820809248 0.382570829656389 0.21288838155868695 0.572549045085907 0.04945054945054945 4063.114 0
85.99212790697675 0.21989705882352942 0.39080459770114945 0.0 0.26288034381537606 0.2683348955295415 0.0 0.25 14798.969000000001 0
181.20746341463413 0.24390076335877864 0.28484848484848485 0.0 0.4366013407707213 0.0328882218969878 0.415686309337616 0.017857142857142856 29936.629 0
4.355684782608695 0.2609041095890411 0.26881720430107525 0.0 0.24411765858531 0.08064681643032225 0.14117647707462302 0.041237113402061855 419.576 0
2.6015778159931213 0.20048387096774192 0.30927835051546393 0.01718213058419244 0.30546957568118444 0.19794720706033755 0.0 0.03161397670549085 5889.505 0
9.887272727272727 0.2515809523809524 0.15789473684210525 0.015037593984962405 0.17183601856231692 0.32060027593247575 0.0 0.0763888888888889 1317.36 0
116.74788888888888 0.2496875 0.0 0.0 0.254901975393295 0.02385396928524447 0.239215701818466 0.03529411764705882 9584.108 0
63.09454901960784 0.2669135802469136 0.13592233009708737 0.02912621359223301 0.48235297203064004 0.0 0.48235297203064004 0.009615384615384616 6435.644 0
1.950867469879518 0.2220909090909091 0.05952380952380952 0.0 0.450980417430401 0.1955286564198706 0.733333379030228 0.045454545454545456 290.93399999999997 0
13.59800350877193 0.23937280701754385 0.11188811188811189 0.02097902097902098 0.29411766305565834 0.11527900844227466 0.247058838605881 0.052980132450331126 7749.67 0
67.14111330049262 0.2573086419753086 0.14705882352941177 0.0196078431372549 0.3403050303459167 0.21125373290626498 0.7450980842113492 0.04225352112676056 27192.824 0
11.226552083333333 0.5702105263157895 0.1134020618556701 0.020618556701030927 0.3542483796676 0.2597685351656896 0.788235321640968 0.05825242718446602 1521.305 0
28.711177777777777 0.3748888888888889 0.2967032967032967 0.0 0.36134455885205957 0.191975763846815 0.5411764979362489 0.07142857142857142 4833.9349999999995 0
27.924727272727274 0.23075409836065575 0.05128205128205128 0.0 0.11339869846900301 0.14229561372613259 0.0 0.13333333333333333 4285.877 0
352.67932352941176 0.23412345679012345 0.23300970873786409 0.0 0.15955883543938398 0.2585925835029155 0.0 0.13445378151260504 66592.427 0
1.7598213507625273 0.2664959128065395 0.13260869565217392 0.030434782608695653 0.30411766543984403 0.15417447309955498 0.0 0.041666666666666664 1111.755 2
30.97625806451613 0.21623318385650225 0.12142857142857143 0.02142857142857143 0.38151263126305185 0.19970136960933285 0.43529415130615207 0.024390243902439025 17223.087 0
13.05108088235294 0.25606451612903225 0.1684981684981685 0.040293040293040296 0.2534942363317196 0.2048571355712433 0.0 0.125 7096.074 0
0.9339173553719008 0.1976476683937824 0.14814814814814814 0.00823045267489712 0.3105882585048674 0.20307896725868277 0.431372582912445 0.020161290322580645 446.307 0
52.67156551724138 0.21668103448275863 0.11643835616438356 0.0 0.18169935544331867 0.16265452146919346 0.31372550129890403 0.020134228187919462 14708.881000000001 0
622.2443571428571 0.25583582089552237 0.15294117647058825 0.0 0.32627452313899985 0.14375103983506146 0.36862745881080605 0.05555555555555555 101620.911 0
20.230614864864865 0.1918728813559322 0.1610738255033557 0.013422818791946308 0.3633987158536908 0.11486024938862148 0.227450996637344 0.03870967741935484 3046.335 0
145.15296078431373 0.20033333333333334 0.009708737864077669 0.009708737864077669 0.3503268162409467 0.08674855789101474 0.360784322023392 0.02830188679245283 29605.817000000003 0
9.646034013605442 0.2656752136752137 0.11486486486486487 0.060810810810810814 0.35653597116470315 0.16272005311529636 0.35686275362968395 0.075 2936.459 2
357.52816666666666 0.21649253731343285 0.07058823529411765 0.023529411764705882 0.2345098167657852 0.16295522651288166 0.329411774873734 0.05555555555555555 60058.742 0
464.04512500000004 0.24948571428571428 0.14606741573033707 0.011235955056179775 0.4000000208616257 0.18790821836027663 0.52549022436142 0.043010752688172046 81507.597 0
24.990052631578944 0.22329245283018867 0.07462686567164178 0.0 0.37941179238259787 0.120100477614872 0.388235330581665 0.056338028169014086 6620.745000000001 0
2.8521581769437 0.20064093959731544 0.18716577540106952 0.0106951871657754 0.3573856393496195 0.1387819631198768 0.29803922772407504 0.038560411311053984 2117.6130000000003 0
5.360434210526316 0.22338333333333332 0.14285714285714285 0.07792207792207792 0.411764729768038 0.19846910184444072 0.24313727021217302 0.04938271604938271 790.823 0
15.51628 0.22898333333333334 0.14473684210526316 0.0 0.35182074563843874 0.17033208123647894 0.247058838605881 0.08433734939759036 2324.7960000000003 2
46.92290625 0.53225 0.10309278350515463 0.05154639175257732 0.3572549238801001 0.2564721342912229 0.431372582912445 0.09345794392523364 8994.84 0
73.41748863636363 0.2588142857142857 0.1348314606741573 0.033707865168539325 0.458823561668396 0.04991341687338981 0.494117677211761 0.02197802197802198 8697.98 0
10.968989966555183 0.2461213389121339 0.12 0.013333333333333334 0.1568627570356642 0.195855091677546 0.0 0.044585987261146494 4226.139 2
0.4041396396396396 0.21305649717514125 0.3004484304932735 0.008968609865470852 0.31111113230387366 0.2712505100404538 0.49803924560546897 0.01327433628318584 94.02699999999999 2
48.12984 0.2809375 0.07920792079207921 0.0297029702970297 0.2677124341328939 0.2542653988911661 0.0 0.12931034482758622 9634.106 0
12.283277777777778 0.19356 0.2047244094488189 0.0 0.24936564441989448 0.23430372569579597 0.0 0.11805555555555555 2634.056 2
3.527607512953368 0.20663047001620746 0.13195342820181113 0.018111254851228976 0.3125903190750824 0.23604704838359375 0.0 0.0468557336621455 5283.966 2
5.032880149812734 0.22524590163934427 0.14953271028037382 0.024299065420560748 0.4001782766797326 0.20359624094858864 0.0 0.03949730700179533 5180.481 0
20.91615873015873 0.20116 0.10236220472440945 0.0 0.47777780393759417 0.2153282916809523 0.47450983524322493 0.045112781954887216 5265.423000000001 1
8.28600469483568 0.2083 0.06074766355140187 0.014018691588785047 0.35686276853084575 0.07322596545679493 0.31764706969261197 0.01834862385321101 2515.4880000000003 0
416.31525316455696 0.2116984126984127 0.1625 0.0 0.1815126197678703 0.14131646908555615 0.0 0.08045977011494253 32906.623999999996 0
77.74313265306122 0.22405128205128205 0.15151515151515152 0.050505050505050504 0.22549020498991001 0.06377826543048853 0.180392161011696 0.019801980198019802 15221.929 0
100.28942500000001 0.232328125 0.16049382716049382 0.0 0.3415032898386319 0.17688175431179953 0.43529415130615207 0.12903225806451613 8061.187000000001 0
29.376413978494625 0.20204729729729728 0.1657754010695187 0.03208556149732621 0.3725490421056745 0.12201059565282366 0.286274522542953 0.010582010582010581 5464.25 1
1.0928896551724139 0.22458620689655173 0.1095890410958904 0.06164383561643835 0.26372550614178186 0.10648753710830264 0.345098048448563 0.05194805194805195 302.16999999999996 0
21.16742578125 0.2033186274509804 0.16342412451361868 0.007782101167315175 0.3865546477692467 0.26168804159003994 0.160784319043159 0.026515151515151516 12010.167 0
1.8329204545454545 0.23004285714285713 0.1797752808988764 0.033707865168539325 0.3084967484076818 0.18309429418399525 0.4862745404243471 0.06315789473684211 317.66700000000003 0
3.282128228782288 0.22525951557093427 0.17419354838709677 0.04516129032258064 0.357718382098458 0.16355843606373127 0.329411774873734 0.04824561403508772 7115.173000000001 0
29.080444444444442 0.27031944444444445 0.08791208791208792 0.0989010989010989 0.2509804040193558 0.06509095383778273 0.30588236451149 0.052083333333333336 4911.187 1
26.74428099173554 0.21411458333333333 0.28688524590163933 0.0 0.30823531150817857 0.18252365214728253 0.32549020648002597 0.03937007874015748 4105.497 1
0.3155421686746988 0.19872361809045228 0.116 0.068 0.3540616482496263 0.11761905515859743 0.133333340287209 0.027237354085603113 139.12 0
5.666608374384237 0.22014506172839507 0.16953316953316952 0.019656019656019656 0.1118499646368234 0.20810974502171475 0.0 0.10154525386313466 4542.775 0
55.704594594594596 0.27040112994350285 0.07623318385650224 0.08520179372197309 0.3249299909387316 0.15643878185051846 0.345098048448563 0.05907172995780591 24010.718 0
0.8690506912442396 0.24304046242774566 0.20642201834862386 0.04128440366972477 0.2969187859977996 0.0900457574708072 0.40000003576278703 0.03111111111111111 334.78499999999997 0
3.945447887323944 0.23922887323943662 0.21940928270042195 0.011251758087201125 0.380598578013872 0.21634076882705744 0.28235295414924605 0.026027397260273973 5440.255 2
13.089308219178081 0.17761206896551723 0.30612244897959184 0.0 0.32549020648002647 0.027729676040772706 0.30588236451149 0.013422818791946308 3819.728 2
5.120628117913832 0.22019318181818182 0.14705882352941177 0.006787330316742082 0.3533333554863929 0.15360952388391858 0.490196108818054 0.022123893805309734 4289.459 2
0.8274011741682975 0.18883843329253366 0.14467253176930597 0.024437927663734114 0.4056022635528019 0.1741235977830083 0.490196108818054 0.013500482160077145 1600.953 2
1.1692134831460674 0.17511267605633804 0.2222222222222222 0.0 0.3254902139306065 0.23292931035262565 0.160784319043159 0.021739130434782608 106.754 2
0.4060544217687075 0.21074358974358975 0.21621621621621623 0.02027027027027027 0.3388235509395598 0.07062091699791644 0.376470625400543 0.032679738562091505 97.07900000000001 2
5.5042251655629135 0.23225414364640884 0.18502202643171806 0.004405286343612335 0.2792157039046288 0.11258235015774468 0.431372582912445 0.021551724137931036 4974.511 0
48.01235365853658 0.26164615384615386 0.10843373493975904 0.0 0.7960784733295441 0.0 0.7960784733295441 0.011904761904761904 3937.013 0
2.409876404494382 0.2305774647887324 0.3111111111111111 0.044444444444444446 0.490196108818054 0.0 0.490196108818054 0.01098901098901099 214.479 1
2.111875 0.22648377581120943 0.15529411764705883 0.03058823529411765 0.2600619341982038 0.2799433702898468 0.0 0.08207343412526998 1695.4569999999999 2
1.0347469387755102 0.14609183673469386 0.5203252032520326 0.008130081300813009 0.4376470863819122 0.1856149422332937 0.376470625400543 0.0199203187250996 479.164 0
0.40213658536585367 0.14587195121951219 0.47572815533980584 0.0048543689320388345 0.4607843458652495 0.04159451406115865 0.490196108818054 0.009615384615384616 94.165 0
5.772975000000001 0.324640625 0.07407407407407407 0.0 0.32647060230374353 0.11604022554763087 0.498039230704308 0.047058823529411764 488.66700000000003 0
289.653358974359 0.3570537634408602 0.13559322033898305 0.0423728813559322 0.27058824524283426 0.1308887849108916 0.42745099961757704 0.03278688524590164 33920.193 0
1.7261532258064516 0.2757979797979798 0.3293172690763052 0.020080321285140562 0.16261723086885785 0.20476634354170653 0.0 0.2697947214076246 827.063 0
21.381466165413535 0.3020566037735849 0.09701492537313433 0.007462686567164179 0.28529413789510727 0.10107077954911999 0.364705890417099 0.028985507246376812 2913.181 0
179.7184638554217 0.21525 0.08383233532934131 0.029940119760479042 0.3436274752020835 0.20268900157330072 0.38431376218795793 0.045714285714285714 59663.174 0
18.31928 0.2011875 0.0297029702970297 0.009900990099009901 0.310588252544403 0.24154126894803105 0.34117648005485496 0.04716981132075472 2109.994 0
8.266769005847953 0.20037362637362638 0.11370262390670553 0.011661807580174927 0.3725490421056748 0.22252959739052636 0.152941182255745 0.02556818181818182 4346.385 0
5.898022471910112 0.21174647887323944 0.06666666666666667 0.0 0.307843156158924 0.07911467695916576 0.28235295414924605 0.0425531914893617 1024.306 0
4.808897755610973 0.1987625 0.24129353233830847 0.009950248756218905 0.3398693021800783 0.1952091581677455 0.0 0.04285714285714286 2634.116 0
181.03996261682244 0.20492982456140352 0.16279069767441862 0.018604651162790697 0.2372549176216125 0.0027729676040770548 0.235294133424759 0.009216589861751152 77364.274 0
7.851479481641468 0.19781891891891892 0.2521551724137931 0.040948275862068964 0.34841631352901453 0.24380098806101932 0.0 0.053061224489795916 6723.445 2
6.5091052631578945 0.22701315789473683 0.0625 0.052083333333333336 0.36470590531826 0.31687150144656895 0.207843154668808 0.030303030303030304 856.3430000000001 0
9.096644366197182 0.2252511013215859 0.07719298245614035 0.0456140350877193 0.2974790100540434 0.15055067079202336 0.30980393290519703 0.046822742474916385 3937.9700000000003 0
80.28956842105264 0.2385657894736842 0.14583333333333334 0.07291666666666667 0.3490196267763773 0.06479495818280051 0.352941185235977 0.030303030303030304 13432.374 1
9.795333333333334 0.208859375 0.2804878048780488 0.024390243902439025 0.33382354490458976 0.09638806468492596 0.372549027204514 0.08888888888888889 962.859 2
111.95630769230769 0.30859615384615385 0.10606060606060606 0.030303030303030304 0.3036119937896728 0.2478402465196651 0.0 0.2235294117647059 14451.113000000001 2
351.6057651006712 0.41005042016806725 0.26 0.03333333333333333 0.24237000650685767 0.21979548276830926 0.0 0.23469387755102042 94498.84700000001 2
62.9618623853211 0.31555172413793103 0.05454545454545454 0.01818181818181818 0.30718956142663967 0.22935870631753996 0.415686309337616 0.05172413793103448 10582.63 0
26.589344827586206 0.24964130434782608 0.29914529914529914 0.008547008547008548 0.566013092796008 0.14862348044625384 0.7372549176216129 0.025 3832.773 0
4.697285511363637 0.21898579040852575 0.1673758865248227 0.014184397163120567 0.6598039641976355 0.2478434594935245 0.494117677211761 0.005641748942172073 3468.896 0
41.94647422680413 0.2498961038961039 0.05102040816326531 0.061224489795918366 0.20840337659631453 0.22815131256309903 0.0 0.125 8130.127 2
3.299746031746032 0.21165508684863524 0.15247524752475247 0.023762376237623763 0.34392158985137933 0.11005341222456883 0.43529415130615207 0.019417475728155338 3312.667 2
0.746295652173913 0.22020652173913044 0.3017241379310345 0.017241379310344827 0.40784317255020097 0.0 0.40784317255020097 0.008547008547008548 85.824 0
159.76085882352942 0.18689705882352942 0.2573099415204678 0.0 0.15798320301941457 0.2405763626136119 0.0 0.07567567567567568 54240.675 1
21.914073529411763 0.26158333333333333 0.058394160583941604 0.051094890510948905 0.2729411959648134 0.08513508530661468 0.29019609093666104 0.035211267605633804 5922.9220000000005 2
1.2288064516129031 0.19417171717171716 0.16 0.008 0.3627451161543527 0.10258482628010444 0.270588248968124 0.04580152671755725 164.989 2
260.85598095238095 0.2734761904761905 0.08490566037735849 0.03773584905660377 0.2941176742315295 0.14974027169359563 0.40000003576278703 0.018518518518518517 27402.977 0
4.014433179723502 0.1926300578034682 0.0963302752293578 0.0045871559633027525 0.31058825254440303 0.16908587575911396 0.5450980663299559 0.043859649122807015 1737.862 -2
7.433919037199125 0.15686849315068493 0.39082969432314413 0.015283842794759825 0.37490198612213144 0.11753590265578161 0.286274522542953 0.01079913606911447 6789.4580000000005 2
1.5782268760907505 0.20951528384279475 0.10801393728222997 0.013937282229965157 0.24621850092496186 0.22651087339971668 0.0 0.046511627906976744 1798.681 2
9.07347619047619 0.20044444444444445 0.11486486486486487 0.0 0.38470590412616723 0.20425188133134303 0.45490199327468894 0.06329113924050633 2384.885 2
0.5249607843137255 0.20558024691358023 0.33980582524271846 0.038834951456310676 0.43529415130615207 0.0 0.43529415130615207 0.009615384615384616 53.546 0
58.51843195266272 0.22124444444444444 0.01764705882352941 0.03529411764705882 0.357422988329615 0.09818104679152438 0.38431376218795793 0.03954802259887006 19762.802 2
2.452025 0.19526041666666666 0.049586776859504134 0.01652892561983471 0.3498039364814756 0.08836157232324636 0.286274522542953 0.03968253968253968 586.315 2
1.1839655891553702 0.18687092568448502 0.109375 0.023958333333333335 0.3546841166637561 0.14980872128631714 0.490196108818054 0.02735562310030395 2248.892 0
0.9955347985347985 0.1785045871559633 0.11313868613138686 0.014598540145985401 0.05649963904310156 0.1121346056165719 0.0 0.08970099667774087 494.932 2
53.01662727272728 0.23619318181818183 0.14414414414414414 0.036036036036036036 0.357843153178692 0.0727606942839214 0.26274511218071 0.034782608695652174 10681.591 2
30.357625 0.19586842105263158 0.020618556701030927 0.020618556701030927 0.40196080505847925 0.08253948242123588 0.364705890417099 0.039603960396039604 2979.319 2
0.3503065693430657 0.2316697247706422 0.18115942028985507 0.0 0.40470590591430683 0.05386986261309304 0.43921571969986 0.03496503496503497 73.138 0
1.6533052362707534 0.25849840255591056 0.14668367346938777 0.05357142857142857 0.27450982018097025 0.11494723992133928 0.20000001788139302 0.04506699147381242 2569.29 0
3.3238347107438018 0.2551041666666667 0.21311475409836064 0.02459016393442623 0.3968627661466596 0.22560782854321632 0.494117677211761 0.03937007874015748 760.482 0
0.5812406492589979 0.19509443954104147 0.16995768688293372 0.00846262341325811 0.3660130947828293 0.18475294117282817 0.490196108818054 0.020718232044198894 1589.8090000000002 2
53.22085123966942 0.2851666666666667 0.2540983606557377 0.04918032786885246 0.36405231058597554 0.10403373648249656 0.364705890417099 0.046875 12836.939 0
12.0649173553719 0.23211917098445595 0.1111111111111111 0.00823045267489712 0.30098041333258163 0.10786097194352891 0.423529446125031 0.03187250996015936 5817.781 0
0.3385943396226415 0.22545238095238096 0.18691588785046728 0.0 0.4107843302190305 0.10798564903172574 0.53725491464138 0.036036036036036036 48.882999999999996 0
14.082807453416148 0.425125 0.11728395061728394 0.06790123456790123 0.28380539295849977 0.26133693552570714 0.0 0.14285714285714285 4526.228 0
0.2575230769230769 0.14994230769230768 0.5190839694656488 0.0 0.3189542690912883 0.07787384695597642 0.301960796117783 0.022388059701492536 38.861000000000004 0
5.158659722222223 0.2045478260869565 0.32413793103448274 0.0 0.43585437110492153 0.20003112821907082 0.490196108818054 0.046052631578947366 1478.1329999999998 2
0.5969012345679012 0.224953125 0.24390243902439024 0.0 0.3248366142312685 0.1508946410360639 0.360784322023392 0.06818181818181818 81.83 2
3.769833333333333 0.2088987341772152 0.11557788944723618 0.03015075376884422 0.2848039381206035 0.11388838020842523 0.28235295414924605 0.03864734299516908 1471.124 2
69.00564102564103 0.23109677419354838 0.10126582278481013 0.0 0.3346405426661173 0.07402665312928264 0.415686309337616 0.036585365853658534 10761.601999999999 2
3.059964912280702 0.21318681318681318 0.0782608695652174 0.017391304347826087 0.34431374669075 0.14521458590365638 0.490196108818054 0.041666666666666664 659.219 0
512.4933199999999 0.2178125 0.13861386138613863 0.0 0.33333336313565565 0.11653066075580143 0.20000001788139302 0.028846153846153848 83053.357 2
5.666358609794629 0.2339308300395257 0.222397476340694 0.017350157728706624 0.2806722846414362 0.16970465988427902 0.0 0.04229607250755287 7124.548 2
57.92190963855421 0.21812878787878787 0.1317365269461078 0.029940119760479042 0.3222222452362378 0.127518344336551 0.19215688109397897 0.03468208092485549 19202.772 2
1.7372589928057554 0.21064864864864866 0.15714285714285714 0.02857142857142857 0.3899782399336498 0.16985544683309223 0.43529415130615207 0.06040268456375839 479.932 2
5.356807947019868 0.20355833333333334 0.1118421052631579 0.019736842105263157 0.3641456833907536 0.09133772875588145 0.43529415130615207 0.0440251572327044 929.9490000000001 2
4.079921221864952 0.20274446680080482 0.17656500802568217 0.01765650080256822 0.3619608055800199 0.12067048108014002 0.31372550129890403 0.03110419906687403 5064.898999999999 2
37.19139534883721 0.23406796116504855 0.12307692307692308 0.05384615384615385 0.2830065463980038 0.07495908584829068 0.278431385755539 0.04411764705882353 9352.129 2
41.11858333333333 0.18182089552238806 0.29411764705882354 0.0 0.38431376218795793 0.0 0.38431376218795793 0.011627906976744186 3453.961 2
2.5632965517241377 0.1660905172413793 0.41237113402061853 0.003436426116838488 0.29607844352722146 0.03604857885300454 0.270588248968124 0.006825938566552901 972.707 2
17.994799065420562 0.2057309941520468 0.16744186046511628 0.009302325581395349 0.3202614560723304 0.17104624036335608 0.0 0.05286343612334802 7686.032 2
133.0976923076923 0.18097596153846154 0.3946360153256705 0.007662835249042145 0.331372570246458 0.21936762968894613 0.227450996637344 0.02973977695167286 34855.158 0
166.73984403669724 0.20135632183908045 0.1278538812785388 0.0136986301369863 0.28862746506929393 0.19861712695083297 0.5372549295425421 0.043668122270742356 65092.406 -2
147.33131818181818 0.1979142857142857 0.3258426966292135 0.0 0.29254903197288507 0.31022063554996615 0.0 0.05319148936170213 25923.423000000003 0
0.38096330275229356 0.22664367816091954 0.16363636363636364 0.05454545454545454 0.366666689515114 0.10451796726218052 0.239215701818466 0.03508771929824561 55.794 0
0.5238189233278956 0.22278775510204082 0.15798045602605862 0.024429967426710098 0.3353617489337921 0.1607215273242654 0.26274511218071 0.04510108864696734 615.425 0
319.33129113924053 0.22795238095238096 0.15 0.05 0.40941178202629075 0.13309090565424933 0.274509817361832 0.058823529411764705 50453.576 0
356.1206338028169 0.26135714285714284 0.041666666666666664 0.013888888888888888 0.08597285701678353 0.17119539777912687 0.0 0.15294117647058825 50562.651 0
20.63579411764706 0.22623456790123456 0.18446601941747573 0.009708737864077669 0.7058824002742771 0.0 0.7058824002742771 0.009615384615384616 2104.851 2
316.997813559322 0.21928723404255318 0.13445378151260504 0.0 0.44183009862899764 0.043018252787296075 0.40784317255020097 0.02459016393442623 74793.592 0
6.119087209302325 0.21604379562043796 0.1907514450867052 0.005780346820809248 0.355555571615696 0.07908226988381645 0.32549020648002597 0.0335195530726257 2081.591 0
2.2995326086956522 0.24304109589041095 0.1935483870967742 0.03225806451612903 0.25947713355223334 0.17963039307342477 0.35686275362968395 0.06060606060606061 417.144 2
7.542818181818181 0.2214559585492228 0.16049382716049382 0.03292181069958848 0.4177979185031011 0.17160031155495856 0.30588236451149 0.05078125 3611.715 2
1.1482881355932204 0.2530283687943262 0.16853932584269662 0.0 0.3066666901111602 0.07691675933359578 0.39215689897537204 0.0273224043715847 276.291 0
25.0737648 0.24106 0.16773162939297126 0.011182108626198083 0.3763001068778659 0.1478350522589633 0.490196108818054 0.03543913713405239 15933.643999999998 2
5.6353716475095785 0.24986570743405276 0.20650095602294455 0.011472275334608031 0.3205128415272786 0.0925859616932455 0.431372582912445 0.04735883424408015 5855.059 0
104.19427906976745 0.24544117647058825 0.12643678160919541 0.011494252873563218 0.298039232691129 0.1549391995988073 0.235294133424759 0.03333333333333333 9024.529 0
4.280621745788667 0.250816091954023 0.11314984709480122 0.0290519877675841 0.23291742395270956 0.18904275388404057 0.0 0.048034934497816595 5323.915 2
6.878866485013623 0.3164061433447099 0.14130434782608695 0.010869565217391304 0.2627451134224733 0.1398631815434626 0.0 0.061224489795918366 5003.901 2
6.549750458715596 0.2650183486238532 0.1282051282051282 0.01098901098901099 0.32156864702701576 0.10170189896707856 0.415686309337616 0.026737967914438502 7130.486 2
8.069219047619049 0.3666785714285714 0.12264150943396226 0.018867924528301886 0.34039217233657837 0.05610722745556951 0.278431385755539 0.04504504504504504 1676.399 0
111.53167336683417 0.3569308176100629 0.31 0.0 0.23235295526683325 0.13128682244445455 0.24313727021217302 0.038461538461538464 22306.811999999998 0
12.304751824817519 0.3691743119266055 0.2246376811594203 0.036231884057971016 0.25490197539329545 0.10107078754711567 0.168627455830574 0.061224489795918366 3370.727 0
257.0807254901961 0.39331967213114755 0.14285714285714285 0.05844155844155844 0.3262745201587674 0.11716896655982219 0.29803922772407504 0.031446540880503145 39813.102 0
76.92054807692307 0.33257831325301207 0.09523809523809523 0.0 0.458823561668396 0.05187747359540234 0.478431403636932 0.027777777777777776 9388.594000000001 0
7.597020202020202 0.3759240506329114 0.08 0.0 0.24817928671836859 0.19106955569206713 0.458823561668396 0.06542056074766354 1068.959 0
7.26339175257732 0.21470258620689656 0.1815068493150685 0.0136986301369863 0.39248368516564375 0.17286035319095372 0.490196108818054 0.039473684210526314 4178.5869999999995 0
101.28844680851064 0.20867553191489363 0.1906779661016949 0.0 0.36078433692455303 0.14974027169359636 0.46666669845581105 0.008403361344537815 23856.571 0
474.1809191176471 0.26794444444444443 0.15328467153284672 0.021897810218978103 0.405490219593048 0.11327158293133212 0.494117677211761 0.035211267605633804 109348.321 0
0.7305477707006369 0.191008 0.1962025316455696 0.0 0.239215701818466 0.0 0.239215701818466 0.006289308176100629 114.696 0
5.15879295154185 0.30334806629834254 0.16666666666666666 0.03508771929824561 0.5482353329658508 0.32346882585549136 0.490196108818054 0.02145922746781116 1425.593 0
104.1211935483871 0.19335353535353536 0.344 0.0 0.2188235402107238 0.20836782902611964 0.0 0.038461538461538464 25573.764000000003 0
5.821515625 0.20556209150326799 0.09844559585492228 0.02072538860103627 0.4004357506831488 0.14424024346826655 0.364705890417099 0.04455445544554455 1353.466 0
13.210435754189943 0.2913776223776224 0.16666666666666666 0.044444444444444446 0.3286274656653405 0.09702834636295597 0.164705887436867 0.05263157894736842 4586.878000000001 2
35.659403100775194 0.21225242718446602 0.1 0.03076923076923077 0.2996078670024872 0.09552059971128758 0.203921586275101 0.037037037037037035 9195.377 2
1.9214014336917564 0.20851569506726458 0.10714285714285714 0.02142857142857143 0.1484967430432637 0.18255835458112077 0.0 0.05084745762711865 837.4300000000001 2
1.8637933884297522 0.23877083333333332 0.1557377049180328 0.04918032786885246 0.25588236376643203 0.07988040692819433 0.235294133424759 0.031746031746031744 434.43100000000004 0
191.8658875 0.35503125 0.13580246913580246 0.024691358024691357 0.2737255066633224 0.14818941926445275 0.29803922772407504 0.10989010989010989 15436.880000000001 0
7.159043927648579 0.19411003236245955 0.13402061855670103 0.020618556701030927 0.3211764931678771 0.1458492124623571 0.431372582912445 0.02512562814070352 3567.2380000000003 0
1.294288 0.38532 0.18253968253968253 0.023809523809523808 0.8947368421052632 0.6578362547106201 1.0 0.1310344827586207 310.775 2
93.27203797468354 0.3016666666666667 0.1125 0.0125 0.7142857142857143 0.7559289460184544 0.0 0.08045977011494253 14724.623 1
9.874415730337079 0.23519718309859156 0.3575418994413408 0.0111731843575419 0.8571428571428571 0.8535639569308374 1.0 0.105 1912.219 0
56.971311377245506 0.3876015037593985 0.1130952380952381 0.005952380952380952 1.0909090909090908 0.5393598899705937 1.0 0.061452513966480445 19014.034 1
5.915660231660231 0.3616425120772947 0.17726396917148363 0.03275529865125241 0.9838709677419355 0.5865133286781136 1.0 0.10671256454388985 6128.772 0
110.36718803418803 0.434 0.13559322033898305 0.059322033898305086 1.05 0.5104177855340404 1.0 0.14492753623188406 24283.631 2
3.6490819366852887 0.2947132867132867 0.14869888475836432 0.00929368029739777 0.9661016949152542 0.5560358985841823 1.0 0.09882747068676717 3893.2799999999997 2
10.967187319884728 0.3426967509025271 0.11781609195402298 0.034482758620689655 1.0714285714285714 0.47463114654932337 1.0 0.03867403314917127 7406.401 2
67.19533333333334 0.3190972222222222 0.10989010989010989 0.054945054945054944 0.8 0.560611910581388 1.0 0.14150943396226415 6078.542 2
29.358542857142858 0.32144047619047617 0.15165876777251186 0.04739336492890995 0.9583333333333334 0.5500329370901873 1.0 0.10212765957446808 12328.062 0
398.2948152173913 0.29876712328767124 0.10752688172043011 0.043010752688172046 1.3333333333333333 0.5163977794943222 1.0 0.06060606060606061 73118.33499999999 0
58.800756756756755 0.388 0.12 0.04 1.1111111111111112 0.6009252125773316 1.0 0.10714285714285714 8699.655 0
23.946463636363635 0.3825568181818182 0.0990990990990991 0.02702702702702703 1.0588235294117647 0.242535625036333 1.0 0.1328125 4089.151 2
1.7662209302325582 0.2984087591240876 0.11560693641618497 0.011560693641618497 1.2222222222222223 0.5483188805533162 1.0 0.09424083769633508 573.119 0
0.6720185185185186 0.348453488372093 0.05504587155963303 0.045871559633027525 0.8333333333333334 0.408248290463863 1.0 0.05217391304347826 92.882 0
16.465027303754265 0.29867094017094015 0.10204081632653061 0.030612244897959183 1.0 0.5504818825631803 1.0 0.18559556786703602 9645.831 2
3.1344808988764044 0.30843398876404493 0.12570145903479238 0.019079685746352413 0.8455882352941176 0.6180397110515851 1.0 0.23387790197764402 5506.725 0
5.2984125 0.358296875 0.2222222222222222 0.0 0.3283582089552239 0.5041662695162734 0.0 0.4527027027027027 530.942 0
155.91016216216215 0.3667627118644068 0.06666666666666667 0.02666666666666667 1.0 0.4472135954999579 1.0 0.12790697674418605 17598.438000000002 0
3.972361344537815 0.3744315789473684 0.18410041841004185 0.029288702928870293 1.0545454545454545 0.44796584766408326 1.0 0.1870748299319728 1887.191 2
7.737709677419355 0.31105405405405406 0.1702127659574468 0.02127659574468085 1.0 0.48507125007266594 1.0 0.16071428571428573 1208.325 0
110.46116949152542 0.3988936170212766 0.18333333333333332 0.03333333333333333 0.7586206896551724 0.6894704186026249 1.0 0.3258426966292135 13035.623 1
8.066517647058824 0.23523529411764707 0.1511627906976744 0.05813953488372093 1.1666666666666667 0.3892494720807615 1.0 0.12244897959183673 767.312 0
28.66123853211009 0.27104597701149424 0.19090909090909092 0.0 1.25 0.45226701686664544 1.0 0.09836065573770492 6247.355 2
223.2860425531915 0.3232 0.24210526315789474 0.010526315789473684 1.0 0.0 1.0 0.10377358490566038 41977.671 0
305.796417721519 0.49336507936507934 0.2 0.025 1.1818181818181819 0.6030226891555273 1.0 0.12087912087912088 48305.584 0
165.9968108108108 0.3558813559322034 0.21333333333333335 0.0 1.25 0.7071067811865476 1.0 0.0963855421686747 24566.849 2
109.13712222222223 0.31193055555555554 0.3516483516483517 0.03296703296703297 1.3333333333333333 0.5773502691896257 1.0 0.031914893617021274 19642.077 0
5.098116279069767 0.35035036496350364 0.08092485549132948 0.028901734104046242 1.2857142857142858 0.4879500364742666 1.0 0.03888888888888889 1674.15 0
40.32297272727273 0.3683863636363636 0.1981981981981982 0.009009009009009009 1.0 0.4714045207910317 1.0 0.08264462809917356 4992.713 2
43.49550857142857 0.4485071428571429 0.09090909090909091 0.06818181818181818 1.125 0.44842720314644063 1.0 0.12 14523.551 0
68.61195890410958 0.2833448275862069 0.3108108108108108 0.013513513513513514 1.1333333333333333 0.3518657752744984 1.0 0.16853932584269662 10015.927 0
32.24671551724138 0.5726521739130435 0.15384615384615385 0.07692307692307693 1.09375 0.29614458108029906 1.0 0.21476510067114093 5154.932000000001 0
29.166075268817202 0.5117432432432433 0.031914893617021274 0.05319148936170213 1.1111111111111112 0.3233808333817773 1.0 0.16071428571428573 5422.07 0
11.0325 0.44756451612903225 0.05063291139240506 0.02531645569620253 1.0 0.0 1.0 0.036585365853658534 1011.669 0
8.05240506329114 0.3686031746031746 0.2375 0.0125 0.8 0.4472135954999579 1.0 0.058823529411764705 646.2959999999999 1
270.77880459770114 0.298231884057971 0.0 0.03409090909090909 1.0 0.0 1.0 0.08333333333333333 46834.315 0
394.990779661017 0.6411914893617021 0.06666666666666667 0.05 1.0909090909090908 0.29424494316824984 1.0 0.2682926829268293 46610.71799999999 0
24.35233242506812 0.3210648464163823 0.07608695652173914 0.02717391304347826 1.05 0.3940344628262062 1.0 0.05154639175257732 17874.194000000003 0
0.7274046242774567 0.2652463768115942 0.11494252873563218 0.017241379310344827 0.8888888888888888 0.33333333333333337 1.0 0.04918032786885246 226.962 0
6.8046472392638035 0.32555384615384614 0.21712538226299694 0.01834862385321101 0.8 0.8051557998728976 1.0 0.08403361344537816 4401.785 2
218.3685707317073 0.2980548780487805 0.06796116504854369 0.024271844660194174 1.0 0.0 1.0 0.03286384976525822 81942.557 0
1.421276836158192 0.26406382978723403 0.2640449438202247 0.0056179775280898875 1.0 0.0 1.0 0.06315789473684211 316.237 1
460.2001975308642 0.3084375 0.036585365853658534 0.024390243902439025 1.0 0.0 1.0 0.03529411764705882 67677.449 0
1.199819012797075 0.22392448512585814 0.23722627737226276 0.009124087591240875 1.0344827586206897 0.32544020963805487 1.0 0.05025996533795494 1173.926 0
19.726628318584073 0.2908777777777778 0.07017543859649122 0.008771929824561403 1.0 0.0 1.0 0.017241379310344827 2239.8089999999997 1
32.07777744807122 0.20713011152416358 0.22189349112426035 0.0 1.0 0.0 1.0 0.008797653958944282 10878.999 2
2.9043921319796953 0.2626015873015873 0.1520912547528517 0.021546261089987327 0.9714285714285714 0.3823852604310971 1.0 0.04247572815533981 4264.405 0
55.5208202247191 0.2993098591549296 0.12222222222222222 0.0 1.0 0.0 1.0 0.0425531914893617 8421.048999999999 2
26.66148017621145 0.23433149171270717 0.2631578947368421 0.0 1.0 0.0 1.0 0.06172839506172839 12085.897 2
2.0203232044198898 0.20882872928176796 0.19988956377691883 0.018221976808393152 0.9603960396039604 0.2800282871142814 1.0 0.05282426778242678 7027.296 2
2.11040192450037 0.2199398148148148 0.17159763313609466 0.016272189349112426 1.0441176470588236 0.36380343755449945 1.0 0.04788732394366197 4973.335999999999 1
11.882035211267604 0.28959911894273127 0.20701754385964913 0.010526315789473684 1.1 0.5676462121975467 1.0 0.03389830508474576 5362.653 0
18.88604054054054 0.45466101694915256 0.04 0.0 1.0 0.6324555320336759 1.0 0.07407407407407407 2618.34 1
170.12546153846154 0.25890322580645164 0.21518987341772153 0.0 1.0 0.0 1.0 0.04819277108433735 23083.947 0
50.41925263157894 0.3603421052631579 0.10416666666666667 0.020833333333333332 1.0 0.0 1.0 0.010309278350515464 4789.829 2
99.18541176470589 0.2119558823529412 0.08139534883720931 0.0 1.3333333333333333 0.5773502691896257 1.0 0.033707865168539325 16671.612 0
3.797834008097166 0.22146192893401015 0.2620967741935484 0.0 0.9565217391304348 0.47465402419841235 1.0 0.08487084870848709 1236.894 0
21.922184931506848 0.30438793103448275 0.047619047619047616 0.027210884353741496 1.0 0.0 1.0 0.05161290322580645 3276.674 2
28.676530120481928 0.23153030303030303 0.25 0.023809523809523808 1.3333333333333333 0.5773502691896257 1.0 0.034482758620689655 4153.442 0
0.7254148148148148 0.2537253086419753 0.19704433497536947 0.03694581280788178 1.0909090909090908 0.4264014327112209 1.0 0.0514018691588785 549.681 0
68.57311250000001 0.831359375 0.06172839506172839 0.012345679012345678 1.0 0.0 1.0 0.012195121951219513 5485.849 0
228.08377464788734 0.33694690265486726 0.1958041958041958 0.013986013986013986 0.25 0.4442616583193193 0.0 0.12269938650306748 64724.01 0
12.290270833333333 0.30667105263157896 0.13402061855670103 0.030927835051546393 2.0 0.0 2.0 0.01020408163265306 1179.866 0
71.82682456140351 0.29820588235294115 0.18023255813953487 0.0 1.0 0.6030226891555273 1.0 0.06521739130434782 16311.349 2
55.978352941176475 0.2778235294117647 0.12790697674418605 0.023255813953488372 1.0 0.0 1.0 0.06521739130434782 9499.056 0
127.0802435897436 0.29670967741935483 0.24050632911392406 0.02531645569620253 0.6666666666666666 0.7071067811865476 0.0 0.10227272727272728 16711.309 2
75.02188636363637 0.3428285714285714 0.02247191011235955 0.011235955056179775 0.625 0.5175491695067657 1.0 0.08247422680412371 7683.828 2
33.56152427184466 0.24480487804878048 0.09615384615384616 0.028846153846153848 1.0 0.0 1.0 0.05454545454545454 6692.277 2
50.26614814814815 0.36090625 0.21951219512195122 0.024390243902439025 1.0 0.0 1.0 0.046511627906976744 6490.987999999999 2
122.94778947368421 0.31244736842105264 0.25 0.0 2.0 0.0 2.0 0.02040816326530612 17324.242000000002 2
67.94525555555556 0.29547222222222225 0.23076923076923078 0.10989010989010989 1.0 0.0 1.0 0.042105263157894736 6246.291 2
8.34253284671533 0.28915548780487804 0.14563106796116504 0.05339805825242718 1.0 0.0 1.0 0.004830917874396135 5924.503000000001 1
9.346948795180722 0.257988679245283 0.1921921921921922 0.012012012012012012 1.1 0.31622776601683794 1.0 0.029154518950437316 5525.07 2
10.984898928024503 0.21055747126436783 0.18654434250764526 0.010703363914373088 0.9333333333333333 0.2581988897471611 1.0 0.02242152466367713 7353.621 2
221.9722682926829 0.30044615384615386 0.060240963855421686 0.03614457831325301 1.0 0.0 1.0 0.03488372093023256 36254.986999999994 1
5.1050409556314 0.31395726495726495 0.16326530612244897 0.017006802721088437 0.9444444444444444 0.23570226039551584 1.0 0.057692307692307696 2443.066 1
30.456157635467978 0.22090123456790123 0.18137254901960784 0.0196078431372549 1.0833333333333333 0.5149286505444373 1.0 0.05555555555555555 6696.865000000001 1
2.136098582871226 0.243479969183359 0.22167487684729065 0.023399014778325122 0.9552238805970149 0.40574793716294544 1.0 0.039621525724423415 6545.501 2
85.82424050632912 0.24023809523809525 0.07547169811320754 0.0 1.0 0.0 1.0 0.024539877300613498 26934.305 2
45.2741270718232 0.25677083333333334 0.19230769230769232 0.02197802197802198 1.0 0.0 1.0 0.00546448087431694 8194.617 0
5.270874193548387 0.28997379032258064 0.15619967793880837 0.027375201288244767 1.064516129032258 0.3592106040535498 1.0 0.04754601226993865 6500.871999999999 2
2.3917616099071206 0.2377093023255814 0.16049382716049382 0.009259259259259259 0.9047619047619048 0.30079260375911915 1.0 0.06086956521739131 1425.23 2
1.6827261904761905 0.22780597014925374 0.11764705882352941 0.0 1.0 0.0 1.0 0.0449438202247191 261.985 1
1.0620437125748503 0.2123514221556886 0.1394791978449566 0.02155043400179587 0.9852941176470589 0.27176498882366507 1.0 0.03911417888984757 6740.369000000001 1
0.9021451612903226 0.2547377812257564 0.15127092374457532 0.009299442033477991 0.6354166666666666 0.5051272203830732 1.0 0.056173200702165006 2898.3540000000003 2
1.224793103448276 0.19156521739130436 0.09090909090909091 0.011363636363636364 1.0 0.0 1.0 0.03296703296703297 205.448 1
72.05761261261262 0.20101136363636363 0.25892857142857145 0.0 1.0 0.0 1.0 0.017543859649122806 8237.094000000001 2
599.5686707317072 0.3629846153846154 0.1566265060240964 0.0 1.0 0.0 1.0 0.04597701149425287 49474.548 0
16.77748360655738 0.246319587628866 0.0975609756097561 0.0 1.0 0.0 1.0 0.016 2048.914 2
69.99713 0.2290375 0.1782178217821782 0.019801980198019802 1.0 0.0 1.0 0.056074766355140186 7009.414 2
7.37985667752443 0.19017142857142857 0.22077922077922077 0.012987012987012988 1.0 0.0 1.0 0.01910828025477707 2672.257 2
5.071668845315904 0.24019073569482288 0.16521739130434782 0.02826086956521739 1.0 0.0 1.0 0.014989293361884369 4633.8150000000005 2
11.913055319148937 0.26237765957446807 0.18220338983050846 0.025423728813559324 1.125 0.3535533905932738 1.0 0.03278688524590164 5400.351000000001 -2
3.4829353169469597 0.21323543689320387 0.1777634130575307 0.017453135100193924 1.0119047619047619 0.2901618833190671 1.0 0.05150214592274678 10749.82 1
5.61331334622824 0.20648910411622276 0.13320463320463322 0.015444015444015444 1.0 0.408248290463863 1.0 0.02448210922787194 5502.716 2
3.4098745674740485 0.21001839826839827 0.1996542783059637 0.010371650821089023 1.0576923076923077 0.41602514716892186 1.0 0.043010752688172046 7844.88 2
287.1038888888889 0.23111304347826087 0.12413793103448276 0.013793103448275862 1.2 0.4472135954999579 1.0 0.03333333333333333 82678.084 2
21.052873493975902 0.2553409090909091 0.31736526946107785 0.03592814371257485 1.0 0.0 1.0 0.023391812865497075 6315.459 1
151.20536090225565 0.18822641509433963 0.6940298507462687 0.0 1.0 0.0 1.0 0.007407407407407408 20110.313 2
0.9204736842105263 0.22055263157894736 0.14583333333333334 0.041666666666666664 2.0 0.0 2.0 0.010309278350515464 87.445 2
13.426829493087556 0.23845664739884392 0.11009174311926606 0.01834862385321101 0.8571428571428571 0.3779644730092272 1.0 0.03111111111111111 5557.397 2
25.665245762711862 0.30156382978723406 0.19327731092436976 0.025210084033613446 1.0 0.0 1.0 0.008333333333333333 3028.499 2
770.4831294117647 0.37061764705882355 0.13953488372093023 0.0 1.0 0.0 1.0 0.044444444444444446 96385.644 2
7.921440298507463 0.26886915887850465 0.08148148148148149 0.044444444444444446 1.0 0.0 1.0 0.021739130434782608 1161.273 2
8.404644278606966 0.2467289719626168 0.20099255583126552 0.03970223325062035 1.0 0.0 1.0 0.007389162561576354 6026.402 2
6.220282115869018 0.23993690851735017 0.1306532663316583 0.04773869346733668 1.25 0.5 1.0 0.009950248756218905 2630.494 2
1.4418816326530612 0.20321209912536442 0.15326340326340326 0.012237762237762238 1.0465116279069768 0.3031977318006905 1.0 0.04772475027746948 4892.364 2
2.5407166212534062 0.2501068181818182 0.15063520871143377 0.019056261343012703 0.9705882352941176 0.3000297073823573 1.0 0.02992957746478873 5464.284 2
236.4851418918919 0.263864406779661 0.20134228187919462 0.006711409395973154 0.7142857142857143 0.4879500364742666 1.0 0.04487179487179487 69962.023 2
20.016223140495867 0.19758965517241378 0.28296703296703296 0.01098901098901099 0.7857142857142857 0.4258153136263201 1.0 0.037037037037037035 7526.993 2
0.38277685950413226 0.1935 0.13114754098360656 0.00819672131147541 1.0 0.0 1.0 0.03937007874015748 73.84 2
183.62088888888889 0.2711 0.08661417322834646 0.007874015748031496 1.0 0.0 1.0 0.015503875968992248 23136.629 2
9.591322674418604 0.30490545454545454 0.17391304347826086 0.04057971014492753 0.7142857142857143 0.4879500364742666 1.0 0.019886363636363636 5076.907 2
2.5342123287671234 0.21625481798715204 0.1641025641025641 0.006837606837606838 1.1176470588235294 0.3321055820775357 1.0 0.02823920265780731 2347.219 2
47.676849462365595 0.3864864864864865 0.14893617021276595 0.0425531914893617 1.0 0.0 1.0 0.010526315789473684 4433.947 2
13.686015151515152 0.1981518987341772 0.12562814070351758 0.0 1.125 0.3535533905932738 1.0 0.03864734299516908 2790.137 2
72.09466990291261 0.23797560975609755 0.125 0.009615384615384616 1.0 0.0 1.0 0.045871559633027525 9444.819 2
12.741999999999999 0.17774666666666666 0.3473684210526316 0.031578947368421054 1.0 0.0 1.0 0.07766990291262135 1436.622 2
6.224363636363636 0.25463291139240507 0.1486146095717884 0.030226700251889168 1.1111111111111112 0.33333333333333337 1.0 0.022167487684729065 4604.166 2
2.6015868902439023 0.21719656488549619 0.1582952815829528 0.0091324200913242 1.0 0.0 1.0 0.025222551928783383 2569.6130000000003 2
181.4852290076336 0.2864615384615385 0.05303030303030303 0.0 0.8333333333333334 0.408248290463863 1.0 0.043478260869565216 23793.506999999998 2
137.3112 0.20961764705882352 0.2558139534883721 0.03488372093023256 0.6666666666666666 0.5773502691896257 1.0 0.033707865168539325 11686.942 2
4.954221264367816 0.20764748201438848 0.12034383954154727 0.025787965616045846 1.0833333333333333 0.28867513459481287 1.0 0.0332409972299169 3154.547 2
28.072705882352942 0.23794117647058824 0.05813953488372093 0.0 1.0 0.0 1.0 0.011494252873563218 2386.18 1
8.088441588785047 0.19718713450292397 0.15151515151515152 0.02097902097902098 0.8571428571428571 0.3779644730092272 1.0 0.016055045871559634 4019.215 2
2.7086143187066973 0.2615606936416185 0.07834101382488479 0.01152073732718894 1.0 0.0 1.0 0.054466230936819175 2089.564 1
108.18712500000001 0.20679411764705882 0.08527131782945736 0.0 1.0 0.0 1.0 0.03731343283582089 27686.239 2
2.0021574468085106 0.20485106382978724 0.2288135593220339 0.025423728813559324 1.0 0.0 1.0 0.04065040650406504 920.35 1
87.11712790697673 0.2836911764705882 0.13793103448275862 0.022988505747126436 1.0 0.0 1.0 0.011363636363636364 7492.073 2
34.897402597402596 0.2049672131147541 0.1794871794871795 0.0 1.0 0.0 1.0 0.07142857142857142 2706.745 2
244.3636540084388 0.23635978835978835 0.25210084033613445 0.008403361344537815 0.875 0.3535533905932738 1.0 0.032520325203252036 112429.532 1
14.997453658536585 0.23554878048780487 0.1650485436893204 0.0048543689320388345 0.8 0.4472135954999579 1.0 0.023696682464454975 3126.401 2
107.46232283464568 0.27562376237623765 0.265625 0.0 1.0 0.0 1.0 0.015384615384615385 13693.814 2
181.4124126984127 0.3549 0.28125 0.0 0.11764705882352941 0.3321055820775357 0.0 0.20987654320987653 12531.447 1
36.19059310344827 0.293698275862069 0.07534246575342465 0.00684931506849315 1.0 0.0 1.0 0.033112582781456956 10337.295 2
0.7749117647058823 0.19864197530864197 0.22330097087378642 0.02912621359223301 1.0 0.0 1.0 0.09649122807017543 139.73 2
5.338435483870968 0.2247171717171717 0.136 0.0 1.2 0.4216370213557839 1.0 0.07407407407407407 900.624 2
274.1008139534884 0.3657941176470588 0.08045977011494253 0.0 1.0 1.0 0.0 0.03333333333333333 34932.573 2
458.77377173913044 0.2802054794520548 0.03225806451612903 0.0 1.0 0.0 1.0 0.010638297872340425 42207.187 1
314.1118055555556 0.24286627906976743 0.17050691244239632 0.009216589861751152 1.0 0.0 1.0 0.013636363636363636 135667.112 1
1.3058652482269504 0.24030357142857142 0.20422535211267606 0.014084507042253521 0.8 0.4216370213557839 1.0 0.06578947368421052 210.322 2
6.741913978494623 0.23144594594594595 0.09574468085106383 0.0 1.0 0.0 1.0 0.010526315789473684 626.998 2
8.954278911564625 0.2218119658119658 0.08108108108108109 0.02702702702702703 1.5 0.7071067811865476 1.0 0.013333333333333334 2031.124 2
17.131493150684932 0.22200862068965518 0.12244897959183673 0.006802721088435374 1.0 0.0 1.0 0.02 4987.32 2
3.42132782369146 0.1979 0.30261348005502064 0.017881705639614855 0.8333333333333334 0.3892494720807615 1.0 0.016238159675236806 4441.187 1
15.757122641509435 0.21260355029585798 0.06572769953051644 0.028169014084507043 1.0 0.0 1.0 0.03619909502262444 6677.21 2
3.7044601412714426 0.21256818181818182 0.15826612903225806 0.008064516129032258 1.0 0.3651483716701107 1.0 0.057929724596391265 4919.867 2
455.3363048780488 0.4211846153846154 0.12048192771084337 0.0 1.0 0.0 1.0 0.011904761904761904 37337.577 1
106.47828402366864 0.24642962962962964 0.1411764705882353 0.03529411764705882 1.0 0.0 1.0 0.07608695652173914 29059.051 2
772.6395 0.3535625 0.1728395061728395 0.024691358024691357 1.0 0.0 1.0 0.024096385542168676 61831.164000000004 2
0.8136861313868613 0.2301467889908257 0.043478260869565216 0.036231884057971016 1.3333333333333333 0.5163977794943222 1.0 0.041666666666666664 170.547 1
1.6372423296931877 0.22740117035110533 0.17255717255717257 0.016632016632016633 1.0 0.25607375986579195 1.0 0.03121852970795569 6188.752 0
8.018308035714286 0.2418826815642458 0.15812917594654788 0.013363028953229399 1.1 0.31622776601683794 1.0 0.02178649237472767 5666.575000000001 2
89.93829333333333 0.25185 0.06578947368421052 0.02631578947368421 1.0 0.0 1.0 0.06172839506172839 6866.725 1
539.4615581395349 0.33804411764705883 0.11494252873563218 0.0 1.0 0.0 1.0 0.011363636363636364 46393.694 2
0.9425767634854771 0.21094270833333334 0.15702479338842976 0.0 1.0 0.0 1.0 0.035856573705179286 432.725 2
1.8448790697674418 0.2161656976744186 0.1136890951276102 0.01160092807424594 0.9285714285714286 0.4657587540038479 1.0 0.06100217864923747 1574.9099999999999 1
1.0734152952565343 0.21819007263922519 0.13249516441005801 0.007736943907156673 1.0 0.2721655269759087 1.0 0.050505050505050504 2207.658 1
15.391681415929202 0.28810555555555556 0.14537444933920704 0.030837004405286344 0.8333333333333334 0.3892494720807615 1.0 0.0502092050209205 3987.763 2
2.718072796934866 0.3648798076923077 0.06870229007633588 0.05725190839694656 1.0 0.0 1.0 0.0038022813688212928 709.417 2
0.964103734439834 0.19264705882352942 0.09392265193370165 0.020718232044198894 1.0 0.3922322702763681 1.0 0.018970189701897018 1104.702 1
7.7484247191011235 0.22648876404494384 0.12780269058295965 0.013452914798206279 1.027027027027027 0.2873718541934519 1.0 0.07660455486542443 3763.073 2
85.46378222222222 0.24973333333333333 0.3053097345132743 0.01327433628318584 0.8703703703703703 0.5132377087236832 1.0 0.32335329341317365 38455.819 -2
6.7314086021505375 0.2279527027027027 0.27807486631016043 0.016042780748663103 0.8181818181818182 0.45989431713313694 1.0 0.34615384615384615 2903.3639999999996 2
9.92062783171521 0.26368825910931176 0.3193548387096774 0.00967741935483871 1.0245901639344261 0.3954935143620591 1.0 0.2824074074074074 6131.858 1
6.822887381275441 0.2684125636672326 0.2953929539295393 0.014905149051490514 0.9184210526315789 0.49395034796775295 1.0 0.33989266547406083 10058.488000000001 0
7.921050119331742 0.2847283582089552 0.30952380952380953 0.007142857142857143 0.8739130434782608 0.5004080355195456 1.0 0.35384615384615387 6634.363 0
2.3314886731391584 0.30678137651821863 0.25161290322580643 0.02903225806451613 0.9813084112149533 0.45518622378627677 1.0 0.2565947242206235 1440.001 2
149.43219117647058 0.2607407407407407 0.21739130434782608 0.014492753623188406 1.0476190476190477 0.3842122429322726 1.0 0.23333333333333334 20321.019 2
57.76970642201835 0.21906896551724137 0.05454545454545454 0.0 1.0 0.0 1.0 0.03508771929824561 8737.517 2
10.811415637860083 0.2112164948453608 0.3155737704918033 0.012295081967213115 1.0 0.0 1.0 0.012145748987854251 2868.317 1
16.256379310344826 0.28154347826086956 0.1282051282051282 0.02564102564102564 1.0 0.408248290463863 1.0 0.1 6575.625 1
39.721686956521744 0.2529673913043478 0.20689655172413793 0.034482758620689655 1.0 0.0 1.0 0.008547008547008548 4567.994 0
2.3300065359477125 0.22815573770491804 0.3355048859934853 0.016286644951140065 1.0 0.6324555320336759 1.0 0.019169329073482427 879.545 0
821.3339199999999 0.40886666666666666 0.12582781456953643 0.052980132450331126 0.7777777777777778 0.44095855184409843 1.0 0.05625 157850.772 0
41.29913333333334 0.17994444444444443 0.4945054945054945 0.0 1.0 0.0 1.0 0.010869565217391304 3716.922 2
33.8198125 0.1944857142857143 0.6610169491525424 0.011299435028248588 1.0 0.0 1.0 0.0111731843575419 7029.2480000000005 0
18.448104166666667 0.2569565217391304 0.2482758620689655 0.020689655172413793 1.2 0.4472135954999579 1.0 0.03333333333333333 3654.1440000000002 0
17.03409433962264 0.22548031496062992 0.24375 0.0 1.0 0.0 1.0 0.041916167664670656 5252.808 0
9.787264423076923 0.27836746987951805 0.07177033492822966 0.0430622009569378 0.875 0.6408699444616557 1.0 0.03686635944700461 3389.023 0
38.429194915254236 0.2723936170212766 0.25316455696202533 0.0379746835443038 0.8888888888888888 0.33333333333333337 1.0 0.036585365853658534 10629.935000000001 2
4.813602649006622 0.26871666666666666 0.3026315789473684 0.013157894736842105 0.5 0.5773502691896257 0.0 0.02564102564102564 941.778 1
9.571744360902256 0.213188679245283 0.41044776119402987 0.022388059701492536 1.25 0.5 1.0 0.028985507246376812 1305.5559999999998 2
276.93878057553957 0.16768918918918918 0.4659498207885305 0.007168458781362007 1.0 0.0 1.0 0.0035714285714285713 76988.981 1
185.43254571703562 0.2638628158844765 0.19230769230769232 0.03076923076923077 1.0909090909090908 0.29424494316824984 1.0 0.02071563088512241 204374.08500000002 0
56.176 0.2715070422535211 0.16666666666666666 0.06666666666666667 1.0 0.0 1.0 0.021739130434782608 5004.5509999999995 2
33.39703973509934 0.22980833333333334 0.17763157894736842 0.013157894736842105 1.0 0.0 1.0 0.012987012987012988 10062.736 0
1.8988700873362445 0.240896174863388 0.2268266085059978 0.029443838604143947 1.0 0.5345224838248488 1.0 0.008648648648648649 3044.617 2
266.4261710526316 0.3436611570247934 0.11764705882352941 0.0 1.0 0.0 1.0 0.012903225806451613 42272.953 0
64.25155434782609 0.31161643835616437 0.1827956989247312 0.010752688172043012 1.0 1.4142135623730951 0.0 0.021052631578947368 5911.707 -2
27.56618320610687 0.3067692307692308 0.08333333333333333 0.0 0.5 0.7071067811865476 0.0 0.014925373134328358 3611.664 2
120.7228761904762 0.3799642857142857 0.05660377358490566 0.03773584905660377 1.0 0.0 1.0 0.009345794392523364 12675.902 1
3.927465648854962 0.2160673076923077 0.11363636363636363 0.015151515151515152 1.0 0.0 1.0 0.022222222222222223 918.9560000000001 2
41.109275 0.3929375 0.06467661691542288 0.04477611940298507 1.0 0.0 1.0 0.0049504950495049506 8221.855 0
2.2634335260115606 0.21435869565217391 0.19596541786743515 0.005763688760806916 1.2 0.4472135954999579 1.0 0.014204545454545454 1422.701 1
71.90195238095238 0.3198059701492537 0.09411764705882353 0.07058823529411765 2.0 0.0 2.0 0.011627906976744186 6039.764 0
46.933410256410255 0.23319354838709677 0.211864406779661 0.0 1.5 0.7071067811865476 1.0 0.016666666666666666 7056.735 2
11.202141592920354 0.3448777777777778 0.20175438596491227 0.07017543859649122 0.8 0.4472135954999579 1.0 0.04201680672268908 2530.0730000000003 2
11.222387499999998 0.2370859375 0.19875776397515527 0.037267080745341616 1.0 0.0 1.0 0.018292682926829267 3578.849 2
44.73740449438202 0.43914084507042256 0.20670391061452514 0.12290502793296089 1.0 0.816496580927726 1.0 0.03763440860215054 15552.287 0
60.95338823529411 0.22514705882352942 0.023255813953488372 0.0 1.0 0.0 1.0 0.022727272727272728 5185.285999999999 0
6.046571428571428 0.4073483146067416 0.035398230088495575 0.08849557522123894 0.2727272727272727 0.46709936649691375 0.0 0.08870967741935484 907.362 2
11.265923766816144 0.40153932584269664 0.10267857142857142 0.06696428571428571 1.0 0.0 1.0 0.013215859030837005 4347.371 2
4.182655086848635 0.2682919254658385 0.3118811881188119 0.027227722772277228 1.0 0.0 1.0 0.0049261083743842365 1687.3419999999999 0
160.53789743589743 0.27802150537634407 0.22033898305084745 0.01694915254237288 1.3333333333333333 0.5773502691896257 1.0 0.024793388429752067 37536.740000000005 2
52.359922794117644 0.29163594470046084 0.2454212454212454 0.01098901098901099 1.0 0.0 1.0 0.0353356890459364 28481.59 2
19.331879781420767 0.2495 0.08695652173913043 0.010869565217391304 0.875 0.3535533905932738 1.0 0.041666666666666664 3633.596 0
10.13023125 0.260875 0.11801242236024845 0.012422360248447204 0.9090909090909091 0.30151134457776363 1.0 0.06395348837209303 3202.457 0
13.593303370786517 0.33344600938967134 0.10820895522388059 0.014925373134328358 1.04 0.3511884584284246 1.0 0.08532423208191127 7179.598 2
3.931520231213873 0.26805060240963857 0.11346153846153846 0.01730769230769231 1.02 0.24660966430902956 1.0 0.08771929824561403 3584.0950000000003 2
29.965064516129033 0.39895945945945943 0.09574468085106383 0.02127659574468085 1.0 0.3651483716701107 1.0 0.14545454545454545 5417.946 2
9.395818181818182 0.23666666666666666 0.10801393728222997 0.06620209059233449 0.9655172413793104 0.18569533817705186 1.0 0.09177215189873418 5350.866 0
25.85013475177305 0.23826785714285714 0.035211267605633804 0.04225352112676056 0.9473684210526315 0.22941573387056177 1.0 0.11801242236024845 7285.488 0
38.75135632183908 0.23740579710144927 0.09090909090909091 0.045454545454545456 0.9333333333333333 0.7037315505489968 1.0 0.14563106796116504 6732.4220000000005 2
6.4682079207920795 0.27469565217391306 0.14285714285714285 0.029556650246305417 1.0606060606060606 0.24230584229877994 1.0 0.13983050847457626 2609.9120000000003 0
7.3532578125 0.27676470588235297 0.19066147859922178 0.038910505836575876 1.0588235294117647 0.242535625036333 1.0 0.06204379562043796 2999.547 0
1.0884222222222222 0.26390277777777776 0.0 0.04395604395604396 1.0 0.0 1.0 0.09 194.695 0
3.8297179487179487 0.25233333333333335 0.059322033898305086 0.00847457627118644 0.7083333333333334 0.4643056214875365 1.0 0.16901408450704225 879.838 0
194.34592134831462 0.2590140845070423 0.08888888888888889 0.06666666666666667 1.0 0.0 1.0 0.0625 24346.364 2
5.313490234375 0.2550195599022005 0.24951267056530213 0.031189083820662766 1.1470588235294117 0.4357058321763818 1.0 0.062157221206581355 5438.491 0
29.23333009708738 0.3216707317073171 0.16346153846153846 0.019230769230769232 1.2307692307692308 0.4385290096535146 1.0 0.1111111111111111 6013.107 2
152.48183146067416 0.3428169014084507 0.011111111111111112 0.05555555555555555 1.0833333333333333 0.28867513459481287 1.0 0.11764705882352941 27139.336 2
2.369462121212121 0.29923809523809525 0.19548872180451127 0.015037593984962405 1.0666666666666667 0.45773770821706344 1.0 0.10135135135135136 497.206 2
5.055932584269663 0.3495387323943662 0.10644257703081232 0.0056022408963585435 1.1403508771929824 0.35043832202523123 1.0 0.13768115942028986 2729.635 0
17.368495867768594 0.58646875 0.06557377049180328 0.07377049180327869 0.9444444444444444 0.41617618189786515 1.0 0.12857142857142856 4201.9310000000005 0
24.744862068965517 0.28744927536231885 0.09090909090909091 0.0 1.25 0.4629100498862757 1.0 0.08333333333333333 4144.797 0
34.83921686746988 0.35248484848484846 0.17857142857142858 0.047619047619047616 1.1428571428571428 0.3779644730092272 1.0 0.07692307692307693 4064.4170000000004 0
17.41525925925926 0.2421523178807947 0.18421052631578946 0.02631578947368421 0.7857142857142857 0.5789342235218394 1.0 0.06862745098039216 6193.669 0
58.80972826086956 0.23365753424657534 0.03225806451612903 0.043010752688172046 0.8181818181818182 0.40451991747794525 1.0 0.10576923076923077 5573.486 0
65.717275 0.3883828125 0.10559006211180125 0.012422360248447204 0.9166666666666666 0.28867513459481287 1.0 0.06936416184971098 21018.313000000002 0
20.570486111111112 0.3132 0.14482758620689656 0.07586206896551724 1.25 0.4629100498862757 1.0 0.05228758169934641 5917.407 2
14.661747572815536 0.3046829268292683 0.028846153846153848 0.11538461538461539 1.1 0.31622776601683794 1.0 0.08771929824561403 3009.985 0
17.033822222222224 0.4640138888888889 0.22509225092250923 0.05166051660516605 1.2941176470588236 0.46966821831386213 1.0 0.059027777777777776 9093.626 0
93.80380530973451 0.2627111111111111 0.07017543859649122 0.017543859649122806 1.0 0.0 1.0 0.07317073170731707 11358.377 0
13.035710743801653 0.28710416666666666 0.29508196721311475 0.06557377049180328 1.2 0.4216370213557839 1.0 0.07575757575757576 1658.561 0
3.771644607843137 0.2610276073619632 0.14180929095354522 0.039119804400977995 0.7619047619047619 0.43108053740904234 1.0 0.09312638580931264 3074.464 0
0.9076666666666666 0.2600483870967742 0.16455696202531644 0.012658227848101266 1.0 0.0 1.0 0.036585365853658534 74.447 0
8.674288888888888 0.27175617283950615 0.18226600985221675 0.03694581280788178 1.037037037037037 0.3375797890278889 1.0 0.06235565819861432 6997.632 0
55.63339669421488 0.33945833333333336 0.18032786885245902 0.09016393442622951 1.0 0.0 1.0 0.016129032258064516 6957.826 0
12.144011111111112 0.3252638888888889 0.0 0.054945054945054944 1.0 0.0 1.0 0.08080808080808081 2156.666 2
30.709025210084032 0.28093684210526315 0.11666666666666667 0.0 0.9285714285714286 0.2672612419124244 1.0 0.1044776119402985 7300.022 0
7.593913461538461 0.2932228915662651 0.22488038277511962 0.014354066985645933 0.58 0.7583548251421142 0.0 0.19305019305019305 3156.04 0
15.461836734693877 0.5013205128205128 0.13131313131313133 0.010101010101010102 1.0434782608695652 0.20851441405707477 1.0 0.1885245901639344 3001.1400000000003 0
113.03571568627451 0.28701234567901235 0.1553398058252427 0.038834951456310676 1.0 0.0 1.0 0.06363636363636363 11821.57 0
12.487369668246446 0.2627083333333333 0.1320754716981132 0.0 1.0 0.4472135954999579 1.0 0.04932735426008968 4061.1670000000004 0
43.49050420168067 0.3787473684210526 0.19166666666666668 0.041666666666666664 1.0588235294117647 0.4287464628562721 1.0 0.12408759124087591 10342.912 0
93.37641176470588 0.32084259259259257 0.11678832116788321 0.014598540145985401 0.9375 0.4425306015783918 1.0 0.10457516339869281 25199.754999999997 1
33.89608737864078 0.2956341463414634 0.009615384615384616 0.08653846153846154 1.0 0.0 1.0 0.037037037037037035 5215.652 0
45.06478205128205 0.24920967741935485 0.08860759493670886 0.0 1.0909090909090908 0.30151134457776363 1.0 0.12222222222222222 7030.527 0
40.649407999999994 0.27726 0.07142857142857142 0.015873015873015872 1.0 0.0 1.0 0.15436241610738255 10158.874 0
29.89310891089109 0.231825 0.0392156862745098 0.049019607843137254 1.0769230769230769 0.2773500981126146 1.0 0.11304347826086956 6021.622 0
14.054617283950618 0.271359375 0.0975609756097561 0.07317073170731707 1.1666666666666667 0.408248290463863 1.0 0.06818181818181818 1352.085 0
8.602745098039216 0.31535889570552145 0.2078239608801956 0.014669926650366748 1.0851063829787233 0.2820566728469694 1.0 0.10307017543859649 7008.845 0
1.3192095238095238 0.23175 0.08490566037735849 0.018867924528301886 1.0 0.0 1.0 0.061946902654867256 161.159 0
7.536006993006993 0.24292128279883382 0.20232558139534884 0.02558139534883721 1.0 0.0 1.0 0.054945054945054944 6356.109 0
5.6072444444444445 0.2792222222222222 0.18382352941176472 0.014705882352941176 1.1538461538461537 0.3755338080994054 1.0 0.087248322147651 1511.976 -2
90.6322441860465 0.3723529411764706 0.011494252873563218 0.04597701149425287 1.0 0.0 1.0 0.03333333333333333 10712.741 2
159.3041263157895 0.36085526315789473 0.15625 0.03125 0.9090909090909091 0.30151134457776363 1.0 0.102803738317757 29931.067 2
42.33123008849557 0.24335555555555555 0.3157894736842105 0.043859649122807015 1.3333333333333333 0.5163977794943222 1.0 0.05 8893.607 0
166.66673333333333 0.4903666666666667 0.0 0.05263157894736842 0.9 0.31622776601683794 1.0 0.11627906976744186 24933.942 0
2.353087633885102 0.26736784409257003 0.2237354085603113 0.026264591439688716 1.0 0.4815434123430768 1.0 0.06375227686703097 4710.089 0
