1.283679012345679 0.346125 0.1951219512195122 0.024390243902439025 0.6 0.5477225575051661 1.0 0.05747126436781609 196.601 1
6.811747572815534 0.2176951219512195 0.40384615384615385 0.028846153846153848 1.0 1.0 0.0 0.028037383177570093 1241.143 1
3.5756382488479264 0.24260086455331412 0.10586881472957423 0.009205983889528193 1.0 0.0 1.0 0.002296211251435132 5403.511 1
15.220726829268292 0.21136585365853658 0.2669902912621359 0.0 1.25 0.9574271077563381 2.0 0.01904761904761905 5655.378 1
9.245083333333334 0.239609375 0.012448132780082987 0.0 0.05263157894736842 0.22941573387056177 0.0 0.07307692307692308 2226.5460000000003 0
4.806886666666667 0.296575 0.06622516556291391 0.013245033112582781 0.75 0.5 1.0 0.025806451612903226 1111.422 0
1.5304196003805899 0.25118214285714285 0.10646387832699619 0.025665399239543727 0.875 0.6408699444616557 1.0 0.007547169811320755 2407.815 0
4.253744360902256 0.43327358490566037 0.029850746268656716 0.029850746268656716 1.0 0.0 1.0 0.007407407407407408 565.748 1
43.873363636363635 0.2691904761904762 0.10526315789473684 0.015037593984962405 1.0 0.0 1.0 0.007462686567164179 5791.284 0
11.949072853425847 0.26149132321041213 0.11351819757365685 0.008665511265164644 1.1538461538461537 0.3755338080994054 1.0 0.011139674378748929 27022.257 0
13.834817307692308 0.4080301204819277 0.019138755980861243 0.028708133971291867 0.6666666666666666 0.5773502691896257 1.0 0.014150943396226415 3093.888 0
9.890546153846154 0.26204326923076926 0.1839080459770115 0.01532567049808429 1.3333333333333333 1.2247448713915892 1.0 0.03333333333333333 5081.421 0
2.8986684684684683 0.2482927927927928 0.09532374100719425 0.019784172661870502 0.75 0.5 1.0 0.007142857142857143 2862.417 0
16.154228571428572 0.25073214285714285 0.12796208530805686 0.004739336492890996 1.0 0.5773502691896257 1.0 0.03211009174311927 4199.43 0
103.46206315789475 0.2638684210526316 0.125 0.020833333333333332 1.0 0.0 1.0 0.04 19657.363 0
1.385038888888889 0.2704097222222222 0.0055248618784530384 0.016574585635359115 1.5 0.7071067811865476 1.0 0.01092896174863388 443.26099999999997 0
77.27191578947368 0.27501315789473685 0.10416666666666667 0.0 1.0 0.0 1.0 0.02040816326530612 13508.639 0
4.782232258064516 0.2628104838709677 0.1607717041800643 0.003215434083601286 1.0 0.0 1.0 0.009554140127388535 2216.971 0
6.77902850877193 0.25088736263736267 0.087527352297593 0.00437636761487965 1.1428571428571428 0.3779644730092272 1.0 0.015086206896551725 6063.175 0
7.76331129476584 0.2508103448275862 0.10714285714285714 0.027472527472527472 1.5 0.7071067811865476 1.0 0.00546448087431694 3846.6769999999997 0
16.611199152542373 0.26143617021276594 0.02531645569620253 0.0379746835443038 1.0 0.0 1.0 0.008368200836820083 5600.473 0
21.32184210526316 0.25848529411764704 0.11046511627906977 0.0 0.5 0.7071067811865476 0.0 0.011494252873563218 3647.401 0
7.834140877598153 0.23821098265895954 0.08525345622119816 0.004608294930875576 1.0 0.0 1.0 0.0045871559633027525 3465.813 0
178.276125 0.21742105263157896 0.0 0.010309278350515464 1.0 0.0 1.0 0.039603960396039604 28772.957000000002 0
322.7476747572815 0.2418170731707317 0.1642512077294686 0.004830917874396135 1.3333333333333333 0.5773502691896257 1.0 0.014285714285714285 126984.37 0
18.2719125 0.2477109375 0.2670807453416149 0.006211180124223602 1.25 0.5 1.0 0.024242424242424242 3045.8959999999997 0
12.867755102040816 0.3943333333333333 0.010101010101010102 0.06060606060606061 1.0 0.0 1.0 0.019801980198019802 1423.074 -2
29.584838983050847 0.3274787234042553 0.14285714285714285 0.0 1.0 0.0 1.0 0.01652892561983471 3853.1059999999998 1
3.5461666666666667 0.7038955223880596 0.03529411764705882 0.10588235294117647 1.0 0.0 1.0 0.0449438202247191 517.376 2
214.85887951807229 0.3578939393939394 0.05952380952380952 0.011904761904761904 1.0 0.0 1.0 0.034482758620689655 17844.953 0
11.568159420289856 0.24507272727272728 0.10071942446043165 0.014388489208633094 1.0 0.0 1.0 0.02112676056338028 2033.254 0
7.468218637992831 0.22956053811659194 0.08571428571428572 0.02857142857142857 1.0 0.0 1.0 0.014084507042253521 2475.0699999999997 0
2.2068201160541587 0.2378401937046005 0.13513513513513514 0.009652509652509652 1.105263157894737 0.45883146774112354 1.0 0.035381750465549346 1807.898 0
0.7704867872044506 0.2645653685674548 0.1735261401557286 0.0052836484983314795 0.6015625 0.7025246233810548 1.0 0.034371643394199784 5415.23 0
2.5963885135135136 0.3651101694915254 0.13468013468013468 0.07407407407407407 1.0 0.0 1.0 0.016556291390728478 1131.753 0
17.861248322147652 0.29638655462184876 0.02 0.03333333333333333 0.8333333333333334 0.408248290463863 1.0 0.038461538461538464 4794.4400000000005 0
17.003864 0.25119 0.1111111111111111 0.007936507936507936 1.0 0.0 1.0 0.015625 2128.886 0
3.4189732142857143 0.27303668261562997 0.18471337579617833 0.0 1.1111111111111112 0.6009252125773316 1.0 0.011335012594458438 3002.627 2
5.602059782608696 0.27527891156462586 0.021621621621621623 0.016216216216216217 1.0 0.0 1.0 0.0106951871657754 1032.305 0
4.658511930585684 0.2492717391304348 0.18398268398268397 0.008658008658008658 0.9 0.31622776601683794 1.0 0.0211864406779661 2758.538 0
1.026775 0.472953125 0.09876543209876543 0.04938271604938271 1.0 0.0 1.0 0.012195121951219513 82.142 0
8.040018348623853 0.29002298850574715 0.11441647597254005 0.011441647597254004 0.8947368421052632 0.3153017676423058 1.0 0.041666666666666664 6810.739 -2
35.873200000000004 0.314609375 0.14814814814814814 0.012345679012345678 0.6666666666666666 0.5773502691896257 1.0 0.03571428571428571 2875.9570000000003 -2
1.9777103825136613 0.30535616438356167 0.15760869565217392 0.010869565217391304 1.1666666666666667 0.408248290463863 1.0 0.031578947368421054 674.751 2
1.8359115226337448 0.27717924528301885 0.025359835503769704 0.010966415352981495 0.989010989010989 0.18223949410386656 1.0 0.05870967741935484 5304.173000000001 2
3.2486521739130434 0.2474421768707483 0.21621621621621623 0.010810810810810811 1.0 0.0 1.0 0.036458333333333336 1016.9939999999999 0
19.662875 0.3298611111111111 0.0 0.021897810218978103 0.9090909090909091 0.30151134457776363 1.0 0.07432432432432433 2691.9719999999998 0
27.799377777777774 0.2700972222222222 0.022099447513812154 0.0 1.0 0.0 1.0 0.026881720430107527 9957.117 0
3.820712328767123 0.321013698630137 0.19398907103825136 0.04371584699453552 1.0 0.5547001962252291 1.0 0.03684210526315789 2732.05 0
11.214538653366583 0.298025 0.0945273631840796 0.017412935323383085 1.0 0.0 1.0 0.024271844660194174 4746.391 0
0.5370284900284901 0.3042934472934473 0.0774487471526196 0.015375854214123007 1.0146520146520146 0.22639593068690086 1.0 0.13454903893543618 1818.5430000000001 0
3.6148464730290457 0.30509375 0.03305785123966942 0.01652892561983471 0.96875 0.1767766952966369 1.0 0.11678832116788321 1727.355 0
0.9206447552447552 0.3032202797202797 0.03910614525139665 0.030726256983240222 1.0 0.0 1.0 0.02452316076294278 1046.7179999999998 0
10.4658625 0.29203515625 0.2554517133956386 0.021806853582554516 1.5 0.7071067811865476 1.0 0.006191950464396285 4703.9529999999995 0
1.2597566371681417 0.2904459833795014 0.0728476821192053 0.046357615894039736 1.0 0.0 1.0 0.01948051948051948 827.526 -2
0.4506544502617801 0.2394353518821604 0.1411764705882353 0.0 1.0 0.24253562503633297 1.0 0.04375 603.108 0
2.689658031088083 0.2819675324675325 0.12371134020618557 0.0 1.0625 0.4425306015783918 1.0 0.0761904761904762 1033.661 -2
1.1963672316384182 0.29719858156028367 0.056179775280898875 0.033707865168539325 1.25 0.5 1.0 0.02197802197802198 371.475 0
13.691999999999998 0.3174183673469388 0.14516129032258066 0.024193548387096774 1.0 0.6324555320336759 1.0 0.046153846153846156 3310.181 0
53.914959124087595 0.3562463503649635 0.13556851311953352 0.016034985422740525 1.0 0.0 1.0 0.022792022792022793 73851.08300000001 1
0.4376090909090909 0.31167045454545456 0.16216216216216217 0.02702702702702703 1.0 0.0 1.0 0.017699115044247787 72.089 0
0.4347530120481928 0.2696969696969697 0.03592814371257485 0.011976047904191617 1.0 0.0 1.0 0.03468208092485549 138.629 2
97.48845637583892 0.3028823529411765 0.06 0.006666666666666667 1.1666666666666667 0.408248290463863 1.0 0.038461538461538464 22792.981 -2
0.5856755555555555 0.2779111111111111 0.13274336283185842 0.008849557522123894 1.0 0.0 1.0 0.017391304347826087 256.767 0
5.168954773869347 0.25586792452830187 0.06 0.005 1.0 0.5773502691896257 1.0 0.033816425120772944 1087.51 0
0.7276842105263158 0.2694171656686627 0.052547770700636945 0.022292993630573247 1.0869565217391304 0.2881040655200304 1.0 0.03533026113671275 888.274 1
11.50724936868687 0.25068823993685874 0.07949526813880126 0.002523659305993691 0.9814814814814815 0.23718003199072704 1.0 0.03294691885295912 36345.091 1
0.44461068702290074 0.28415384615384615 0.022727272727272728 0.015151515151515152 1.0 0.0 1.0 0.0364963503649635 77.015 1
366.37156250000004 0.34375 0.04938271604938271 0.024691358024691357 1.0 0.0 1.0 0.03571428571428571 35999.490999999995 1
17.967545454545455 0.22957954545454545 0.32432432432432434 0.018018018018018018 1.0 0.0 1.0 0.017699115044247787 1979.565 0
4.099817518248176 0.26747706422018347 0.021739130434782608 0.0 1.0 0.0 1.0 0.028169014084507043 568.102 0
13.807355721393034 0.2519127725856698 0.13895781637717122 0.022332506203473945 1.0 0.3651483716701107 1.0 0.03818615751789976 5734.803 2
4.783960372960373 0.27368221574344026 0.046511627906976744 0.02558139534883721 0.9565217391304348 0.20851441405707477 1.0 0.05077262693156733 4082.068 0
382.2488913043478 0.3167945205479452 0.0967741935483871 0.03225806451612903 1.0 0.0 1.0 0.010638297872340425 35166.898 0
20.5288125 0.24523463687150837 0.10022271714922049 0.004454342984409799 1.0869565217391304 0.41702882811414954 1.0 0.048728813559322036 12691.967 1
45.03373983739838 0.17505102040816325 0.49193548387096775 0.016129032258064516 1.0 0.0 1.0 0.015873015873015872 5563.0509999999995 0
3.2540272108843538 0.2408205128205128 0.07432432432432433 0.0 1.0 0.0 1.0 0.019867549668874173 523.057 0
132.50174897119342 0.3067835051546392 0.05737704918032787 0.020491803278688523 0.9230769230769231 0.2773500981126146 1.0 0.05058365758754864 64321.515 0
2.5490450160771707 0.3532903225806452 0.11858974358974358 0.028846153846153848 1.0 0.0 1.0 0.018867924528301886 1375.683 0
34.77979545454545 0.39637142857142854 0.011235955056179775 0.0449438202247191 1.0 0.0 1.0 0.011111111111111112 3060.622 1
13.089029304029303 0.2758577981651376 0.09854014598540146 0.025547445255474453 1.0 0.0 1.0 0.02491103202846975 6550.657999999999 0
100.96843859649124 0.2765274725274725 0.12173913043478261 0.017391304347826087 0.9166666666666666 0.28867513459481287 1.0 0.09448818897637795 12844.239 2
12.300962099125364 0.265014598540146 0.034934497816593885 0.002911208151382824 0.9782608695652174 0.14744195615489714 1.0 0.06275579809004093 16860.608999999997 0
5.231740740740741 0.33880653950953676 0.1956521739130435 0.030434782608695653 1.3333333333333333 0.5773502691896257 1.0 0.0064794816414686825 3000.3230000000003 0
2.4558181818181817 0.2764196428571429 0.048020765736534715 0.016223231667748216 1.02 0.24660966430902956 1.0 0.03142677561282212 7495.35 2
11.154494809688583 0.2812727272727273 0.06206896551724138 0.013793103448275862 1.1428571428571428 0.3779644730092272 1.0 0.02356902356902357 4106.816 2
0.33855833333333335 0.2679166666666667 0.03305785123966942 0.0 0.9166666666666666 0.28867513459481287 1.0 0.09022556390977443 78.19300000000001 0
9.862578313253012 0.2873718592964824 0.036 0.008 1.0 0.0 1.0 0.038461538461538464 2593.302 0
3.0355935828877003 0.2669030100334448 0.10329474621549421 0.005342831700801425 0.9807692307692307 0.24175701748921175 1.0 0.04425531914893617 6787.737 0
152.44550793650794 0.27351624548736464 0.09221902017291066 0.005763688760806916 1.0 0.0 1.0 0.018387553041018388 106154.427 1
1.1899392523364485 0.264140350877193 0.004651162790697674 0.0 1.0 0.0 1.0 0.009216589861751152 260.611 -2
144.4393907284768 0.2835416666666667 0.13157894736842105 0.0 1.0 0.0 1.0 0.006535947712418301 21810.348 1
4.068392452830189 0.3101698113207547 0.15413533834586465 0.022556390977443608 1.0 0.0 1.0 0.007462686567164179 1083.047 0
26.65080229226361 0.31455913978494626 0.10571428571428572 0.011428571428571429 1.1 0.31622776601683794 1.0 0.027777777777777776 17599.478 0
1.0051630434782608 0.19158904109589042 0.3655913978494624 0.0 1.0 0.0 1.0 0.021052631578947368 96.115 0
1.7533172043010752 0.25218243243243244 0.32085561497326204 0.0213903743315508 1.0 0.0 1.0 0.010582010582010581 601.348 0
3.918 0.316285 0.24302788844621515 0.00796812749003984 1.3333333333333333 0.5773502691896257 1.0 0.011811023622047244 1508.664 1
2.753220588235294 0.2698333333333333 0.0948905109489051 0.029197080291970802 1.0 0.0 1.0 0.014388489208633094 446.687 0
110.31606086956522 0.3680652173913044 0.02586206896551724 0.017241379310344827 1.0 0.0 1.0 0.008547008547008548 12686.347 2
8.567628676470589 0.32243317972350233 0.07326007326007326 0.014652014652014652 1.0 0.0 1.0 0.028469750889679714 3754.383 0
148.5455078125 0.24604901960784314 0.4573643410852713 0.0 1.0 0.0 1.0 0.015267175572519083 19532.591 0
88.43377570093458 0.2754 0.12962962962962962 0.009259259259259259 1.0 0.0 1.0 0.02702702702702703 9676.358 -2
12.39417261904762 0.38914179104477614 0.11834319526627218 0.029585798816568046 1.0 0.0 1.0 0.05056179775280899 2815.409 0
12.742324074074075 0.28275581395348837 0.02304147465437788 0.03686635944700461 1.0 0.0 1.0 0.0045871559633027525 2752.342 0
39.77142105263158 0.2853353293413174 0.1 0.009523809523809525 0.8571428571428571 0.3779644730092272 1.0 0.03225806451612903 8620.555 1
249.53493076923078 0.30041346153846155 0.007633587786259542 0.0 1.0 0.0 1.0 0.007575757575757576 32439.541 1
5.599464052287582 0.3266680327868852 0.08794788273615635 0.013029315960912053 0.9166666666666666 0.28867513459481287 1.0 0.03761755485893417 3114.608 1
4.0014070351758795 0.21517610062893083 0.235 0.0 1.0 0.0 1.0 0.009900990099009901 797.717 1
92.94249019607844 0.25968852459016395 0.006493506493506494 0.0 1.0 0.0 1.0 0.02531645569620253 28318.023 1
0.41790625 0.23200980392156864 0.17054263565891473 0.0 1.0 0.0 1.0 0.051470588235294115 102.919 1
0.49809677419354836 0.26471717171717174 0.08 0.016 1.0 0.0 1.0 0.0234375 118.54599999999999 1
14.784789795918366 0.25489285714285714 0.13034623217922606 0.002036659877800407 1.0833333333333333 0.28867513459481287 1.0 0.02385685884691849 13487.545999999998 1
402.91254285714285 0.3047261904761905 0.009433962264150943 0.009433962264150943 1.0 0.0 1.0 0.018518518518518517 42307.814000000006 1
5.705051282051282 0.2653846153846154 0.04081632653061224 0.0 0.8888888888888888 0.33333333333333337 1.0 0.04390243902439024 1588.6029999999998 1
18.408263392857144 0.2523296089385475 0.0 0.0 1.0714285714285714 0.2672612419124244 1.0 0.058577405857740586 8244.447 1
1.0619750000000001 0.2512755681818182 0.011337868480725623 0.0 1.0 0.3922322702763681 1.0 0.03076923076923077 863.442 1
17.33685062893082 0.2591496062992126 0.05337519623233909 0.01098901098901099 1.0 0.3333333333333333 1.0 0.028963414634146343 11674.351999999999 1
6.583699999999999 0.25705424528301885 0.03954802259887006 0.007532956685499058 0.9523809523809523 0.2182178902359924 1.0 0.03804347826086957 6938.643 1
3.2868506097560974 0.27719274809160305 0.0852359208523592 0.0045662100456621 1.0 0.2773500981126146 1.0 0.039473684210526314 2961.421 1
1.7984989406779661 0.2725403973509934 0.0962962962962963 0.02433862433862434 1.0 0.0 1.0 0.021739130434782608 3231.977 -2
11.26118085106383 0.3281966666666667 0.29708222811671087 0.0 0.7222222222222222 0.6691131580686884 1.0 0.04556962025316456 7347.156999999999 1
4.878777777777778 0.29424 0.03937007874015748 0.007874015748031496 1.0 0.0 1.0 0.03787878787878788 647.74 1
6.725 0.32042 0.06349206349206349 0.031746031746031744 1.125 0.3535533905932738 1.0 0.03076923076923077 3068.395 1
20.28803867403315 0.22425 0.06043956043956044 0.0 1.25 0.5 1.0 0.021505376344086023 7322.469 1
0.9177842356687897 0.24366235059760957 0.03579952267303103 0.0 1.0217391304347827 0.33260790628557146 1.0 0.035303146584804296 2292.656 1
5.7313742690058485 0.25513658536585365 0.042801556420233464 0.01556420233463035 0.96875 0.1767766952966369 1.0 0.05860805860805861 3550.8950000000004 1
323.2671182795699 0.31098648648648647 0.23404255319148937 0.0 1.0 0.0 1.0 0.06930693069306931 59433.746 0
8.447130221130221 0.2538 0.20833333333333334 0.022058823529411766 1.0701754385964912 0.45746385972816855 1.0 0.12258064516129032 6186.003000000001 2
5.132789548022599 0.22836572438162545 0.18899858956276447 0.00846262341325811 1.0238095238095237 0.4679011380933327 1.0 0.0559254327563249 7265.7119999999995 0
7.617777011494253 0.26507758620689653 0.19954128440366972 0.0022935779816513763 1.1162790697674418 0.32435300622428814 1.0 0.08977035490605428 6613.258 1
1.9129202185792349 0.19334426229508198 0.20305676855895197 0.0032751091703056767 1.0886075949367089 0.36479264984025495 1.0 0.07939698492462312 3486.4579999999996 0
7.441150326797386 0.231291553133515 0.24347826086956523 0.010869565217391304 0.9746835443037974 0.5304735075021522 1.0 0.14656771799628943 6829.406999999999 2
2.0230345188284518 0.20065968586387434 0.21839080459770116 0.01044932079414838 0.62 0.5674864018868916 1.0 0.04965243296921549 3852.107 1
4.285427390791027 0.20336484490398818 0.17452830188679244 0.008254716981132075 1.078125 0.4103690750748377 1.0 0.07017543859649122 7256.782999999999 -2
4.842728291316527 0.22718213660245185 0.1958041958041958 0.006993006993006993 1.0238095238095237 0.4650739150008613 1.0 0.10513141426783479 6743.862 0
1.1275943396226416 0.27316666666666667 0.19626168224299065 0.028037383177570093 1.1666666666666667 0.5773502691896257 1.0 0.10084033613445378 235.921 0
6.536801869158878 0.22653271028037383 0.20335820895522388 0.011194029850746268 1.0 0.2581988897471611 1.0 0.054673721340388004 6939.439 -2
7.202764127764128 0.27359076923076925 0.08823529411764706 0.004901960784313725 1.0 0.3287979746107146 1.0 0.08520179372197309 5848.37 -2
110.74551041666666 0.27982894736842107 0.1134020618556701 0.0 0.8888888888888888 0.5829830881301374 1.0 0.1565217391304348 19996.167 0
0.6783316221765914 0.21914120667522466 0.32205128205128203 0.006153846153846154 0.975 0.5260044413015041 1.0 0.1095890410958904 1270.47 1
6.3972781690140845 0.2144273127753304 0.30526315789473685 0.0 0.9622641509433962 0.5533903946423703 1.0 0.15680473372781065 3633.702 -2
10.639769736842107 0.25346280991735537 0.1111111111111111 0.0196078431372549 1.0 0.0 1.0 0.06707317073170732 3187.291 0
106.33319318181817 0.19427142857142857 0.11235955056179775 0.0 1.0 1.0 0.0 0.03260869565217391 9359.655 0
0.1853627450980392 0.13455555555555557 0.33980582524271846 0.0 1.5 0.7071067811865476 1.0 0.01904761904761905 36.083 2
7.656656903765691 0.1990366492146597 0.3375 0.0 1.125 0.3535533905932738 1.0 0.03225806451612903 3651.1059999999998 1
19.85271857923497 0.5299554794520548 0.1226158038147139 0.13896457765667575 1.0810810810810811 0.4332293707583636 1.0 0.09158415841584158 7973.051 0
2.0932884012539184 0.3395549019607843 0.15023474178403756 0.06572769953051644 1.0188679245283019 0.4155888333129943 1.0 0.07658959537572255 2667.9660000000003 1
556.0799625 0.27625 0.25925925925925924 0.0 1.1111111111111112 0.3233808333817773 1.0 0.18181818181818182 62960.577999999994 0
124.5573448275862 0.5203333333333333 0.07954545454545454 0.125 1.0833333333333333 0.28867513459481287 1.0 0.12 17063.915 0
60.23357948717949 0.3288846153846154 0.1836734693877551 0.00510204081632653 1.3636363636363635 0.504524979109513 1.0 0.05314009661835749 12409.854000000001 1
11.553227722772277 0.30818595041322316 0.23684210526315788 0.006578947368421052 1.05 0.3940344628262062 1.0 0.06172839506172839 6785.116 2
155.40431999999998 0.24005 0.21052631578947367 0.0 1.0 0.4714045207910317 1.0 0.11627906976744186 23234.429 2
0.5676521739130435 0.2984383561643836 0.1827956989247312 0.0 0.6571428571428571 0.5392182327416316 1.0 0.2734375 104.072 0
6.150631067961165 0.281109756097561 0.2318840579710145 0.004830917874396135 1.0701754385964912 0.4166040053133284 1.0 0.2159090909090909 2208.001 0
26.600362204724412 0.22851485148514852 0.03125 0.0 1.0 0.0 1.0 0.08571428571428572 6754.735000000001 1
7.691 0.290962962962963 0.11764705882352941 0.0 0.5757575757575758 0.5607084263625253 1.0 0.1952662721893491 2075.003 -2
12.518613636363636 0.2562714285714286 0.1797752808988764 0.0 1.125 0.3535533905932738 1.0 0.08247422680412371 2189.9049999999997 2
2.843529411764706 1.1152592592592592 0.22857142857142856 0.02857142857142857 0.8651685393258427 0.5263729069593122 1.0 0.717741935483871 185.829 1
191.4462727272727 0.8581923076923077 0.35294117647058826 0.058823529411764705 0.8387096774193549 0.4954208264005628 1.0 0.7322834645669292 12635.535 1
0.6466578947368421 0.34903333333333336 0.2564102564102564 0.0 0.43103448275862066 0.5335110109361181 0.0 0.5979381443298969 54.076 1
191.28959999999998 0.79225 0.0 0.0 0.7121212121212122 0.5755305649880215 1.0 0.7586206896551724 7805.2919999999995 1
172.8935138888889 0.5568947368421052 0.2465753424657534 0.0273972602739726 0.9925925925925926 0.28641625840557516 1.0 0.6490384615384616 24899.172 1
7.097048523206751 0.4731688654353562 0.17684210526315788 0.010526315789473684 0.9265232974910395 0.35950158794687437 1.0 0.5401742497579864 6729.673000000001 1
1.2844666666666666 0.5498888888888889 0.2826086956521739 0.043478260869565216 0.9166666666666666 0.334038801494609 1.0 0.5660377358490566 2754.607 1
12.654638036809816 0.398 0.21341463414634146 0.012195121951219513 0.9568345323741008 0.35854988934135795 1.0 0.45874587458745875 4125.9439999999995 1
3.749042471042471 0.4300193236714976 0.38076923076923075 0.0 0.9428571428571428 0.3904600061381993 1.0 0.48514851485148514 1942.9389999999999 1
982.3246666666668 0.7122916666666667 0.22580645161290322 0.12903225806451613 0.9454545454545454 0.2978936340054687 1.0 0.7801418439716312 58955.469 1
3.2482825 0.585675 0.1172069825436409 0.0199501246882793 0.9378151260504202 0.3196672292889203 1.0 0.5973895582329317 2598.8810000000003 1
4.261915708812261 0.6023605769230769 0.2099236641221374 0.019083969465648856 0.9548387096774194 0.356936542797302 1.0 0.541958041958042 2227.79 1
24.849462765957448 0.8242333333333334 0.10582010582010581 0.021164021164021163 0.9938461538461538 0.22213673569387246 1.0 0.632295719844358 9342.462 1
1046.0204999999999 1.4951666666666665 0.1111111111111111 0.0 0.22016808100335017 0.06426095818247038 0.231372565031052 0.8953488372093024 16743.244 2
182.43708333333333 3.6654444444444447 0.0 0.0 0.21774511160328985 0.08479767721010789 0.0 0.9248554913294798 4381.209 0
46.1486129032258 2.2333265306122447 0.06349206349206349 0.0 0.18864416227116637 0.08274083896893364 0.0 0.9153225806451613 5724.482 0
82.46436363636363 1.5208846153846154 0.0 0.0 0.20291395547489327 0.06333119153404373 0.19607844948768602 0.8944099378881988 5451.6900000000005 2
8.27125 1.2664444444444445 0.0 0.0 0.2081081209754622 0.08860597249609706 0.0 0.9192546583850931 221.57 2
15.419 7.285571428571428 0.2 0.0 0.19533652570602064 0.06399729880044575 0.19215688109397897 0.8809523809523809 334.075 0
7.418458646616541 1.363590588235294 0.1350844277673546 0.0 0.18796923154578732 0.08296199825483988 0.0 0.8795207956600362 7894.654 2
8.627529411764707 0.9524315789473684 0.07531380753138076 0.0 0.20068367603712262 0.06774743314245847 0.0 0.8382949932341002 4106.965 1
35.79144970414201 1.6476814814814815 0.07647058823529412 0.0 0.1965924219688931 0.07481275375550822 0.0 0.8903932946486138 12097.696 2
10.925152173913045 1.4526258503401361 0.08108108108108109 0.005405405405405406 0.18338806722776638 0.08058969380860913 0.0 0.8893540669856459 4073.931 1
6.545545454545454 1.5561142857142858 0.06666666666666667 0.0 0.20745099397266614 0.08244422835097007 0.0 0.8831168831168831 16708.537 -2
3.2986666666666666 3.8634000000000004 0.0 0.0 0.21116140083624768 0.04791712650846424 0.223529428243637 0.9176470588235294 39.949 0
178.4992727272727 1.655 0.0 0.0 0.22020411848673346 0.06817484814773306 0.215686291456223 0.9344262295081968 3951.014 0
1903.270375 3.9235 0.0 0.0 0.21434328511153186 0.03960169346369529 0.203921586275101 0.8902439024390244 30511.784 1
6361.8594 5.4745 0.3333333333333333 0.0 0.20075554380176275 0.07508185366000097 0.0 0.9478260869565217 63623.320999999996 1
5.464285714285714 1.8114000000000001 0.0 0.0 0.16325792853648846 0.10532314644795922 0.0 0.9420289855072463 77.97399999999999 1
9.72058064516129 1.9259166666666667 0.0 0.0 0.20510259500801797 0.05205556331510863 0.19215688109397897 0.8900343642611683 604.57 0
13.3605 1.6537499999999998 0.0 0.0 0.15043279488344455 0.11666470252602887 0.0 0.940677966101695 176.672 2
628.939 628.939 0.0 0.0 0.2079866215950105 0.0661088385962663 0.24313727021217302 0.9761904761904762 1270.94 2
953.2381578947368 1.7598666666666667 0.0 0.0 0.21217039856931263 0.05315043247182813 0.223529428243637 0.8529411764705882 37532.718 2
549.1079090909091 2.995375 0.0 0.0 0.20010894592161532 0.10196143695122792 0.0 0.9 12090.591 2
196.63392857142856 4.689454545454545 0.06666666666666667 0.0 0.2190953793681481 0.07359187063808421 0.227450996637344 0.9214659685863874 5524.189 2
5.3708285714285715 1.381392857142857 0.0 0.0 0.2155631903575675 0.05819649665740232 0.211764723062515 0.861003861003861 377.72400000000005 2
8.470289954337899 1.0052571428571428 0.13439635535307518 0.002277904328018223 0.20603108189858788 0.06450243220253483 0.0 0.8467713787085515 7421.876 2
11.191907563025211 1.8360736842105263 0.05 0.0 0.1927100076840325 0.07048030913512339 0.0 0.9021207177814029 2668.065 0
25.83011111111111 1.4704285714285714 0.1 0.0 0.19190222702243112 0.0802128423531885 0.0 0.8850574712643678 467.37 2
93.20722857142857 2.055107142857143 0.05555555555555555 0.0 0.20033937931442872 0.062106912064684404 0.18431372940540303 0.896551724137931 6528.394 0
1239.8968750000001 2.5815 0.0 0.0 0.20128852810178488 0.08341408648150922 0.0 0.9395973154362416 21150.769 1
30.997925925925927 2.3528372093023258 0.2545454545454545 0.0 0.20176907552613155 0.08400752011309097 0.0 0.8910891089108911 3352.166 2
7.084985257985258 1.3321353846153847 0.07107843137254902 0.00980392156862745 0.20141696630391762 0.08024439251615127 0.0 0.8708452041785375 5785.398 2
378.9647142857143 1.0665454545454545 0.26666666666666666 0.0 0.19517754159263667 0.060274165737433924 0.239215701818466 0.8314606741573034 10617.701000000001 1
25.091361111111112 1.5866071428571429 0.10810810810810811 0.0 0.19752257702842593 0.06767625527255267 0.20000001788139302 0.8948863636363636 1807.797 0
3.7216521739130433 2.221611111111111 0.041666666666666664 0.0 0.1998338440885652 0.06146714754932158 0.207843154668808 0.9365079365079365 180.474 -2
960.88753125 1.08824 0.18181818181818182 0.0 0.21010894543594788 0.0696102589491181 0.203921586275101 0.872093023255814 61518.153000000006 1
78.23069767441861 3.4393823529411764 0.045454545454545456 0.0 0.20173039235514134 0.07557653808954429 0.0 0.9045553145336226 6731.546 -2
27.179 0.39549999999999996 0.0 0.0 0.19762203874106107 0.05307093833352916 0.18431372940540303 0.9591836734693877 184.544 1
13.260194029850746 2.10375625 0.1188118811881188 0.0 0.18251486827100474 0.08006318972139242 0.0 0.9160432252701579 5336.959 2
429.39000000000004 3.377 0.0 0.0 0.2061840255673115 0.05275560050242464 0.21960785984993 0.9397590361445783 9334.07 1
4162.40775 3.358 0.2 0.0 0.19453782694680355 0.08042359892947457 0.0 0.9438202247191011 33318.925 0
132.44314285714287 3.939 0.0 0.0 0.1609517081027351 0.10412562495718196 0.0 0.9534883720930233 5222.013 0
35.1516 2.6917222222222223 0.021739130434782608 0.0 0.20389644295359274 0.08855721427557331 0.0 0.9105058365758755 3164.511 0
9.437468749999999 1.5516 0.06060606060606061 0.0 0.1962874303323722 0.07658705558167399 0.0 0.90625 612.529 0
4.9272609561752985 1.1866558603491273 0.1312127236580517 0.0019880715705765406 0.19973358203544422 0.07699833718395789 0.0 0.8639437381660806 4955.755 2
30.433926315789474 1.7382236842105263 0.03125 0.010416666666666666 0.1941636874455615 0.07964511981781089 0.0 0.8693877551020408 5789.182 0
98.74628947368421 1.0414666666666668 0.02564102564102564 0.0 0.2074145631549137 0.06584780458396246 0.235294133424759 0.8243243243243243 7598.406 2
7.049333333333333 1.9681111111111111 0.23076923076923078 0.0 0.21518352271145227 0.0801775549030466 0.0 0.9 172.511 0
22.408472972972973 1.0521694915254238 0.10666666666666667 0.0 0.18308232663478255 0.08088485591416583 0.0 0.8466257668711656 3318.901 0
6.1174437086092714 1.3318916666666667 0.09868421052631579 0.0 0.19318228063648316 0.0719769695696573 0.0 0.8942240779401531 1867.721 0
6.241070393374741 1.5096761658031088 0.128099173553719 0.0 0.1931057948551797 0.06836189961044813 0.0 0.884514435695538 6030.959 1
20.22028961748634 1.1388424657534246 0.09239130434782608 0.005434782608695652 0.19187676303870912 0.07911518397703805 0.0 0.8632986627043091 7401.198 1
6.4435863636363635 1.3083863636363637 0.02262443438914027 0.004524886877828055 0.20239053914419275 0.062197526021941715 0.211764723062515 0.8652439024390244 2840.703 0
322.228984375 2.446392156862745 0.046153846153846156 0.0 0.1919070932848059 0.07760983972360118 0.0 0.9062049062049062 41255.070999999996 1
28.427 1.4516521739130435 0.05128205128205128 0.0 0.19107831913519877 0.07350022390130156 0.0 0.8708609271523179 6601.612 1
11.346662790697675 1.4741764705882352 0.05747126436781609 0.022988505747126436 0.20708622999818013 0.06348076298070844 0.21960785984993 0.8621236133122029 1954.232 0
12.777642405063292 1.1502261904761906 0.11041009463722397 0.00946372239747634 0.20330664989464164 0.07267831431870106 0.0 0.8704536166734778 8080.173000000001 2
7.427022346368715 1.3306503496503497 0.06111111111111111 0.005555555555555556 0.19804569946067171 0.0736475244226634 0.0 0.8706896551724138 2687.442 0
1974.3009285714286 3.6096363636363638 0.13333333333333333 0.0 0.20871041944393748 0.06911109413532875 0.168627455830574 0.8739495798319328 55281.246 0
558.6213750000001 3.74 0.1111111111111111 0.0 0.18971914203988546 0.08364791471738336 0.0 0.891566265060241 9454.507 0
780.7987272727272 1.088 0.0 0.0 0.19513037260417102 0.07374528699209573 0.203921586275101 0.883495145631068 17178.391 0
5.467466666666667 1.146 0.0625 0.0 0.21233397962585573 0.08074492551489154 0.207843154668808 0.8857142857142857 9809.041000000001 2
11.217520547945206 1.425103448275862 0.16216216216216217 0.0 0.19672743598340264 0.08789168657479954 0.0 0.8847352024922118 1638.5520000000001 2
7.481999999999999 2.1896 0.0 0.0 0.2079101870966773 0.07982365687307431 0.19215688109397897 0.936 106.368 1
146.53700961538462 1.0879277108433736 0.06666666666666667 0.009523809523809525 0.21101929685793636 0.06836020539134957 0.21960785984993 0.852112676056338 30487.2 1
4.005414285714286 0.8635714285714285 0.4507042253521127 0.014084507042253521 0.20121058488021726 0.05752021957940701 0.207843154668808 0.7641196013289037 560.046 1
18.441372549019608 3.1657 0.057692307692307696 0.0 0.19921987846520192 0.0790007504442712 0.0 0.9154471544715447 1890.065 0
17.822 1.9969999999999999 0.0 0.0 0.20413471094292143 0.07492341718649644 0.215686291456223 0.9583333333333334 147.462 1
713.28525 2.1586666666666665 0.0 0.0 0.12712832757189305 0.10989655537209007 0.0 0.9404761904761905 6011.861 0
735.30525 0.9815 0.1111111111111111 0.0 0.21060425514469347 0.06785399337755203 0.215686291456223 0.9158878504672897 17352.945 0
10.918478260869565 1.323611111111111 0.08333333333333333 0.0 0.18797633501718633 0.10681308375323745 0.0 0.8983050847457628 505.663 0
2273.321476190476 0.6691875 0.45454545454545453 0.0 0.22092234955153653 0.06343112925262688 0.21960785984993 0.8905472636815921 95493.586 0
17.158166666666666 1.9565 0.0 0.0 0.175478395209255 0.11305869491085857 0.0 0.9222222222222223 212.75900000000001 0
12.730688524590164 1.9342708333333334 0.06451612903225806 0.0 0.2013898538719993 0.07815958486059338 0.0 0.9064856711915535 1555.645 0
7.663307692307693 1.9348048780487805 0.018867924528301886 0.0 0.20973813683794654 0.06561662150908926 0.203921586275101 0.894 798.2 0
149.4081875 1.67352 0.030303030303030304 0.0 0.19447755056751684 0.06847204898206677 0.207843154668808 0.9054441260744985 9562.118999999999 0
41.95009187279152 1.419013274336283 0.1619718309859155 0.007042253521126761 0.1968715700498793 0.07380401702606594 0.0 0.8826446280991735 23855.042999999998 1
7.201611111111111 1.9455714285714285 0.15789473684210525 0.0 0.16195245030078487 0.09428897793498424 0.0 0.9251968503937008 355.62199999999996 0
4.20325 2.322 0.05405405405405406 0.02702702702702703 0.20944830263946573 0.05886130599804925 0.21960785984993 0.9168539325842696 321.832 0
224.58022857142856 0.91975 0.1111111111111111 0.0 0.21914767367499222 0.06271763293277882 0.223529428243637 0.8448275862068966 15729.91 0
51.539 1.4822 0.05128205128205128 0.0 0.2210558207218464 0.06561232975246427 0.21960785984993 0.8928571428571429 5320.359 0
18.47848 1.95665 0.0 0.0 0.19274194784943138 0.07956843991494153 0.0 0.9051094890510949 979.3629999999999 0
112.04663636363635 3.1985384615384618 0.0 0.0 0.20748843529715613 0.07253073190822021 0.0 0.9212962962962963 7399.984 0
11.258547892720307 1.1951538461538462 0.04580152671755725 0.0 0.18939295655997873 0.07754410671165944 0.0 0.872444011684518 5877.706 0
18.320347150259067 0.9301363636363637 0.08247422680412371 0.005154639175257732 0.20263968433904067 0.08012014574976885 0.0 0.8350340136054422 7080.795 0
17.005363636363636 5.629588235294118 0.08695652173913043 0.0 0.19406560353473226 0.07473396930114742 0.20000001788139302 0.9076305220883534 771.384 0
2.5863636363636364 1.321 0.08333333333333333 0.0 0.21620649570713243 0.062022417608065906 0.250980406999588 0.8909090909090909 57.218 0
13.036708333333333 3.5666315789473684 0.08 0.0 0.1966618180644414 0.07790509977637758 0.0 0.9063670411985019 628.124 0
5.208117647058824 1.1024615384615384 0.05555555555555555 0.0 0.18547795247286564 0.0646296546312547 0.16078431904316 0.7804878048780488 179.071 0
3.6352545638945233 0.9571294416243655 0.07801418439716312 0.004052684903748734 0.1951359834416681 0.07107135163422264 0.0 0.8448844884488449 7168.843 0
5.013607879924953 1.1233075117370892 0.09550561797752809 0.0 0.18734034214215164 0.0756440849032268 0.0 0.8633572159672467 5356.505 0
232.2794375 0.951 0.11764705882352941 0.0 0.20366014327321735 0.042835457313223566 0.203921586275101 0.860655737704918 7435.832 0
12.470705882352942 4.678538461538461 0.0 0.0 0.20429865528757757 0.07829679068530437 0.18431372940540303 0.9203539823008849 426.977 0
12.367064516129032 1.5837459677419354 0.05466237942122187 0.003215434083601286 0.2004275214809542 0.0681627413204285 0.0 0.8846439169139466 7671.562 2
3.3645 1.2026666666666668 0.0 0.0 0.17667975048224138 0.08664682403974422 0.0 0.8928571428571429 63.429 0
8.804118257261411 1.0682571428571428 0.12008281573498965 0.008281573498964804 0.19854857823804736 0.0699650261361536 0.0 0.8512473052048044 8487.841 0
699.5633750000001 1.0195 0.0 0.0 0.20186742696733706 0.08839286412317444 0.0 0.9032258064516129 11195.047999999999 0
18.603205298013243 0.8436833333333333 0.125 0.006578947368421052 0.21114148691405876 0.08117288233659557 0.0 0.843298969072165 5619.368 0
4443.58025 23.442666666666664 0.0 0.0 0.1980392289085266 0.06441547719561895 0.18823531270027202 0.9397590361445783 38361.176 0
1051.2925483870968 1.7797083333333332 0.0625 0.0 0.20598714101974297 0.07544745516347688 0.203921586275101 0.891156462585034 65182.793 0
4.944095652173913 1.4232826086956523 0.11432706222865413 0.001447178002894356 0.1951166353629798 0.0686627954945042 0.0 0.882102030370244 6830.618 0
5.189777777777778 1.380809523809524 0.07142857142857142 0.0 0.1937716383347537 0.07166426467101439 0.19607844948768602 0.8697674418604651 281.029 0
6093.56175 10.874666666666666 0.2 0.0 0.2126814504335453 0.08149064088975405 0.207843154668808 0.9390243902439024 48758.016 0
6.8658954248366015 1.2617704918032786 0.09740259740259741 0.006493506493506494 0.2040279696175454 0.07616616871520118 0.0 0.8960162052667117 2101.111 0
20.317095238095238 0.926375 0.0 0.0 0.21473239429362195 0.07427906670510896 0.215686291456223 0.8345864661654135 852.683 0
6.707533333333333 1.5996805555555556 0.17582417582417584 0.0 0.19708331381601044 0.07985664197989595 0.0 0.8931924882629108 1263.5349999999999 2
9.697969696969697 1.1236923076923078 0.0 0.0 0.22141909094180093 0.07597000026696417 0.227450996637344 0.8740740740740741 641.0889999999999 0
1594.84405 1.3204375 0.09523809523809523 0.0 0.21429476430339195 0.06635916969485892 0.211764723062515 0.8157894736842105 63794.003 0
4270.168733333333 1.0114166666666666 0.0625 0.0 0.21564366247342984 0.06949887546509019 0.247058838605881 0.8518518518518519 128107.34400000001 2
22.426000000000002 0.9580833333333334 0.125 0.0625 0.2094771370646499 0.06306676895792017 0.180392161011696 0.84 677.438 2
290.52092857142856 7.412 0.13333333333333333 0.0 0.18487396081546686 0.08400578146994492 0.0 0.9390243902439024 8147.391 2
11.840545454545454 2.6873285714285715 0.0898876404494382 0.0 0.18734496076840246 0.07872252993720256 0.0 0.9158790170132325 2087.427 0
19.780874999999998 2.35296875 0.14634146341463414 0.0 0.21020380021313195 0.07560229881061899 0.215686291456223 0.9084821428571429 1592.341 0
5.288833333333333 0.7686666666666667 0.07692307692307693 0.0 0.20696189899123119 0.07520724943075836 0.239215701818466 0.8725490196078431 128.993 2
151.55333333333334 13.2055 0.0 0.0 0.21007354324683547 0.09002125346241811 0.0 0.975609756097561 17366.029 0
7.810434782608696 0.6766111111111112 0.23404255319148937 0.0 0.18491565245528557 0.09652335562222153 0.0 0.8206106870229007 735.3219999999999 0
31.617428571428572 1.8492808988764045 0.10619469026548672 0.017699115044247787 0.20428525812133067 0.06548805253481546 0.207843154668808 0.8878968253968254 7084.868 0
20.31658857142857 1.7593357142857142 0.07954545454545454 0.005681818181818182 0.19248857366141264 0.0782321673813405 0.0 0.9045035268583831 7114.906 0
38.187760000000004 1.4732333333333334 0.09210526315789473 0.0 0.20249932246203997 0.07008293833702021 0.0 0.8819875776397516 5730.225 2
31.207416666666663 0.9228421052631579 0.04 0.0 0.20409983507805063 0.06066218422862477 0.223529428243637 0.8603351955307262 1499.396 0
14.990940886699507 1.2393333333333334 0.08823529411764706 0.004901960784313725 0.20653596151547107 0.07228563377268095 0.0 0.8571428571428571 6091.092000000001 0
14.2605 1.126111111111111 0.07692307692307693 0.0 0.19416667912155391 0.09510321422044672 0.0 0.8602150537634409 343.55600000000004 2
15.118375 5.5785 0.058823529411764705 0.0 0.20583568114255155 0.11105395087212583 0.0 0.9081081081081082 486.817 0
21.67715028901734 1.4892173913043478 0.09770114942528736 0.0 0.2048221329337783 0.07173992131164818 0.0 0.8867924528301887 7518.529 0
