3069.3671379310344 0.692804347826087 0.2711864406779661 0.0 0.18416290300396781 0.3344663329053975 0.0 0.3058823529411765 355798.918 1
3.9809180327868856 0.28678767123287674 0.42391304347826086 0.005434782608695652 0.15867271045079603 0.04524317475875669 0.18823531270027202 0.06598984771573604 1431.17 0
1922.7261632653062 0.5213589743589744 0.050505050505050504 0.020202020202020204 0.09607843557993577 0.05527882093948019 0.0901960805058479 0.05714285714285714 376822.287 1
2158.389023529412 0.4119264705882353 0.2441860465116279 0.0 0.15686275561650603 0.06366966583533792 0.0745098069310188 0.06521739130434782 250917.87800000003 0
2.439145875251509 0.2754301886792453 0.1628140703517588 0.010050251256281407 0.16858077510481792 0.08682789009387619 0.0901960805058479 0.0778498609823911 4840.282 0
13.265229729729729 0.3727372881355932 0.10738255033557047 0.006711409395973154 0.17450981214642525 0.13110401367585595 0.31372550129890403 0.026143790849673203 3841.316 2
0.321144 0.17154 0.5 0.0 0.14733894062893738 0.03311014453129225 0.180392161011696 0.05263157894736842 67.733 0
1.2839166666666666 0.47538372093023257 0.05504587155963303 0.03669724770642202 1.204142061563638 0.2926552688998187 1.6153846979141202 0.10655737704918032 268.51 1
23.520157303370787 0.4117183098591549 0.08888888888888889 0.05555555555555555 1.3538461923599254 1.0126420104169453 0.7692307829856869 0.05263157894736842 4171.971 1
1.2279137931034483 0.36883695652173915 0.1111111111111111 0.008547008547008548 1.2142857696328837 0.55299787993464 1.0769231319427501 0.10687022900763359 207.37599999999998 1
1.6539000000000001 0.3618928571428571 0.014084507042253521 0.0 1.0236686743222752 0.28547103028670245 0.7692307829856869 0.15476190476190477 227.03300000000002 0
59.374203592814375 0.3136466165413534 0.05357142857142857 0.0 1.1739927189690726 0.5263218374709913 0.730769276618958 0.1111111111111111 19818.845 0
214.5985849056604 0.6722857142857143 0.12962962962962962 0.0 1.2121588482010748 0.780486334486103 0.0 0.36470588235294116 14078.981 2
51.41816129032258 0.27918918918918917 0.3829787234042553 0.0 1.3076923581270077 0.7821038490570419 0.9615384936332699 0.12149532710280374 9560.759 2
2219.8928637724553 0.3575337078651685 0.17339312406576982 0.04185351270553064 1.2940776538004917 0.5741674421230138 0.0 0.1445012787723785 2964498.1739999996 0
5.334539454806312 0.3579874326750449 0.12750716332378223 0.022922636103151862 1.2094926821424605 0.44643694244029486 1.26923084259033 0.06308724832214765 7377.058 0
0.9712304832713755 0.25173023255813953 0.15955473098330242 0.0055658627087198514 1.3427350891960992 0.5126048745461799 1.0 0.07705479452054795 1037.602 0
2.071138613861386 0.36771517027863776 0.17777777777777778 0.0049382716049382715 1.3557692755793416 0.7174681146312262 0.0 0.29809358752166376 1669.933 1
87.19044 0.34497 0.12698412698412698 0.007936507936507936 1.079487208525338 0.5159064773297781 1.53846156597137 0.10638297872340426 21604.833 0
3.1295057915057916 0.2813623188405797 0.1576923076923077 0.0 1.2274248029874721 0.4040397731705665 1.3076924085617099 0.0812720848056537 1576.556 2
3.671207843137255 0.3222107843137255 0.08203125 0.02734375 1.4071618585750976 0.6698523620715385 1.8846154212951698 0.10175438596491228 1870.4189999999999 2
78.37461111111111 0.3895138888888889 0.08791208791208792 0.01098901098901099 1.1452991829978105 0.4574247034721752 0.5384615659713751 0.09 14099.164 2
19.842119999999998 0.32961666666666667 0.17105263157894737 0.02631578947368421 1.3136095037827134 0.8993815572819466 1.0 0.14606741573033707 2972.116 1
160.19896190476192 0.31085714285714283 0.26066350710900477 0.004739336492890996 0.9307692646980293 1.0328910767575767 0.0 0.023148148148148147 33994.156 1
1.4512140672782874 0.2910842911877395 0.11280487804878049 0.006097560975609756 1.268162445889579 0.49378952688154365 1.23076927661896 0.0989010989010989 781.8330000000001 0
3.9862345276872966 0.29307755102040817 0.18506493506493507 0.006493506493506494 1.4226135841335161 0.547383024820775 1.3846154212951698 0.21227621483375958 2186.715 -2
94.43026277372262 0.38931192660550457 0.21739130434782608 0.021739130434782608 1.3041958592154757 0.649260223912727 0.9230769872665409 0.19298245614035087 25867.881999999998 2
4.004052023121387 0.49221739130434783 0.08620689655172414 0.022988505747126436 1.2855030091909263 0.7203692358190729 0.0 0.23008849557522124 1135.0990000000002 1
3.7820511363636364 0.3075357142857143 0.15819209039548024 0.01694915254237288 1.3594164992200923 0.763389658910771 0.0 0.1407766990291262 1324.7759999999998 -2
18.709093264248708 0.34749350649350647 0.17525773195876287 0.0 1.4317308321595201 0.6326766712995973 1.4615385532379197 0.17094017094017094 7217.775 1
11.059380597014925 0.34624766355140185 0.1970260223048327 0.0037174721189591076 1.3592162998217452 0.7170918693429968 0.0 0.16459627329192547 5924.3 0
186.75720744680854 0.37424666666666667 0.164021164021164 0.010582010582010581 1.2040598640839262 0.6572194688499458 0.0 0.16 70219.975 0
3.4084156976744184 0.32382181818181816 0.30144927536231886 0.04927536231884058 1.2003205642104147 0.48318514330639806 1.1153846979141202 0.06504065040650407 1365.7379999999998 0
85.54260084033614 0.31436252189141856 0.23636363636363636 0.03076923076923077 0.20541551070553907 0.11288722392951672 0.15686275064945202 0.028532608695652172 122137.79000000001 1
507.17146875000003 0.89036 0.5151515151515151 0.0 0.1432126767646808 0.07822152360950066 0.0 0.611764705882353 32461.343 1
5004.300583333333 35.69477777777778 0.07692307692307693 0.0 0.11625387637238754 0.03799784383440381 0.113725498318672 0.8539325842696629 120108.019 0
961.5014109589041 0.41393103448275864 0.04054054054054054 0.02702702702702703 0.03176470696926118 0.08728093270409493 0.0 0.2127659574468085 83340.701 2
4298.121714285714 337.92227272727274 0.06666666666666667 0.0 0.11566013609369599 0.04556621372939722 0.0941176563501358 0.8333333333333334 120374.631 0
2607.0402142857142 58.461000000000006 0.06666666666666667 0.0 0.12112745679914959 0.04352135689262301 0.113725498318672 0.8421052631578947 72998.137 2
874.010375 103.36883333333333 0.1111111111111111 0.0 0.12037727161298827 0.03370744748991097 0.105882361531258 0.8977272727272727 15699.072 -2
12505.962 6099.967818181818 0.26666666666666666 0.0 0.12742337038819224 0.043973925578977904 0.149019613862038 0.8255813953488372 351103.644 0
7191.812333333333 634.1602222222222 0.0 0.07692307692307693 0.1315904205596006 0.04884115614654776 0.14509804546833 0.9121621621621622 172625.807 -2
14157.516428571429 4309.375 0.0 0.0 0.12537255540490155 0.04808240366185674 0.0901960805058479 0.8695652173913043 400692.026 -2
3893.1269166666666 182.65544444444444 0.3076923076923077 0.0 0.13225893803859412 0.039574936713971574 0.0941176563501358 0.8488372093023255 93453.462 0
500.1456551724138 2.5910434782608696 0.26666666666666666 0.0 0.13464052933785656 0.05545372671275316 0.125490203499794 0.868421052631579 29010.612 2
533.8315 4.0145 0.1111111111111111 0.0 0.11519017838031415 0.049474546382890235 0.0 0.9021739130434783 9393.149000000001 -2
4167.908583333333 79.88488888888888 0.0 0.0 0.14810637399962506 0.04981713455628308 0.180392161011696 0.8488372093023255 100042.089 2
257.72594736842103 18.5424 0.4 0.0 0.13151888215719768 0.06817806961248289 0.0 0.7701149425287356 10432.232 2
10578.47323076923 8.6527 0.35714285714285715 0.0 0.12641899508277057 0.04927616605894992 0.12941177189350098 0.8444444444444444 275809.597 0
1853.0766999999998 59.23975 0.09090909090909091 0.0 0.10507793428424075 0.06164803526990085 0.0 0.8764044943820225 37064.770000000004 1
212.5956153846154 7.2679 0.5 0.0 0.11799824988441678 0.03761270125889004 0.11764706671237898 0.8271604938271605 44290.752 0
1537.9894166666666 8.854555555555557 0.0 0.0 0.12032763089371634 0.042883041517987365 0.10196079313755 0.8586956521739131 36952.656 0
25.322384615384614 2.5825 0.2857142857142857 0.0 0.12477284251916701 0.042232668451797774 0.137254908680916 0.8541666666666666 660.8689999999999 0
8947.1055625 7.214416666666667 0.058823529411764705 0.0 0.12537815746452133 0.04277782287264195 0.0980392247438431 0.89171974522293 288889.114 2
11138.68618181818 2.2704999999999997 0.0 0.0 0.125149195500906 0.03938681962501444 0.172549024224281 0.8518518518518519 297882.741 0
15.396902439024391 2.59765625 0.21428571428571427 0.0 0.13245325149482629 0.06360706208837008 0.0 0.8782608695652174 1303.136 0
774.3602352941176 1.6391538461538462 0.16666666666666666 0.0 0.12509236171625668 0.05266554467088429 0.176470592617989 0.7931034482758621 29217.617 2
19098.545666666665 7299.066 0.1 0.0 0.13345984193266083 0.0492677506663388 0.176470592617989 0.9029126213592233 343794.06 0
1183.8015 3.642272727272727 0.26666666666666666 0.0 0.10701464279226855 0.04766581560336445 0.105882361531258 0.9044585987261147 42339.479999999996 0
1072.7200714285714 2.3470909090909093 0.7241379310344828 0.0 0.12429379160373902 0.06310854317648598 0.109803929924965 0.6704545454545454 60077.829 0
9490.457666666667 1758.1655 0.0 0.0 0.10802139603085333 0.07185692389924946 0.0 0.9506172839506173 56954.037 0
3013.8324827586207 2.1528695652173915 0.26666666666666666 0.0 0.13825993382152005 0.04462576288561101 0.176470592617989 0.868995633187773 175549.85100000002 0
1755.0577500000002 1.343 0.0 0.0 0.056997974981264826 0.07518326900236741 0.0 0.9586776859504132 28268.299 0
1684.6770833333335 230.74455555555554 0.07692307692307693 0.0 0.13068746227815928 0.05361303497725032 0.109803929924965 0.8645833333333334 40437.315 2
7139.108166666666 1.598 0.07692307692307693 0.0 0.13093682575143054 0.03769234360982211 0.133333340287209 0.8470588235294118 171373.37 0
3708.024111111111 1.5210714285714286 0.32432432432432434 0.0 0.13757043772901614 0.04275626978704243 0.152941182255745 0.8246445497630331 268326.0 0
2624.7555454545454 1.6865 0.25 0.0 0.11560343032781507 0.05358918540147848 0.0 0.8554216867469879 57747.89 0
4324.535142857143 444.312 0.06666666666666667 0.0 0.12581315483240524 0.049137904808177105 0.121568635106087 0.85 121087.344 0
575.6483499999999 1.8490625 0.14285714285714285 0.047619047619047616 0.12024723560265876 0.04974818331360851 0.11764706671237898 0.8141592920353983 23027.971 0
484.0811052631579 2.2962666666666665 0.0 0.0 0.12627451645676044 0.04415508043754026 0.11764706671237898 0.8888888888888888 18400.392 1
1766.6102727272726 145.630625 0.0 0.0 0.12410936845650147 0.040511361387200545 0.149019613862038 0.8554216867469879 38868.644 0
13.908 2.3292 0.125 0.0 0.11006192563983952 0.041076559079135065 0.0980392247438431 0.9047619047619048 5633.9039999999995 0
5592.916833333334 2.4975555555555555 0.0 0.0 0.12483660736017752 0.03513095459219529 0.14117647707462302 0.8737864077669902 134231.43199999997 1
246.91107142857143 4.9809090909090905 0.06666666666666667 0.0 0.12427451588213445 0.03849080579671311 0.0941176563501358 0.8695652173913043 6913.3 0
939.358090909091 8.26525 0.0 0.0 0.11218921218029002 0.03860039003566228 0.137254908680916 0.8899082568807339 20715.717 1
24.14224074074074 3.4126046511627908 0.36363636363636365 0.01818181818181818 0.10687909102222574 0.05045243134948883 0.0 0.897196261682243 3837.414 2
5893.702200000001 205.92725000000002 0.5 0.0 0.103921574436956 0.057328453958618304 0.0 0.8873239436619719 176844.732 1
154.419 6.4154 0.25 0.0 0.10809105908733677 0.05845974202439835 0.0 0.9157894736842105 3714.382 1
1512.9728421052632 5.969266666666667 0.3 0.0 0.09577342642264236 0.046435713107745455 0.0 0.9 83014.722 2
10347.251999999999 10347.251999999999 0.0 0.0 0.11521298866504907 0.052532553900036236 0.11764706671237898 0.9456521739130435 82776.99799999999 2
494.7085714285714 4.0292 0.25 0.0 0.10765460656526 0.04522369058319759 0.133333340287209 0.9285714285714286 104048.137 1
6725.413600000001 213.78575 0.0 0.0 0.10450089714405213 0.04028753925503427 0.0901960805058479 0.9361702127659575 78178.281 2
319.609 4.61125 0.16666666666666666 0.0 0.12215897705285782 0.053828709790955685 0.12941177189350098 0.9393939393939394 3319.4809999999998 1
2109.626625 3.4891666666666667 0.3333333333333333 0.0 0.1027247322263656 0.04942060787072113 0.0 0.8953488372093024 33758.96 2
1222.3400000000001 1222.3400000000001 0.3333333333333333 0.0 0.10531309911961197 0.04946933803345133 0.0 0.9841269841269841 46009.645 2
2851.5806913580245 120.75874999999999 0.24390243902439024 0.012195121951219513 0.11286126424986605 0.049645715734401116 0.0 0.9114470842332614 498462.902 1
13006.399428571429 10.638 0.375 0.0 0.11173358878919057 0.04762986075665514 0.121568635106087 0.9402985074626866 183245.08000000002 2
1268.6165 1268.6165 0.3333333333333333 0.0 0.12432306880752247 0.05395827734895541 0.105882361531258 0.9655172413793104 38397.188 1
357.39807812500004 1.1906470588235294 0.6 0.0 0.09861418827527897 0.04251137463948 0.0 0.8036253776435045 45942.474 1
1725.3461111111112 54.973142857142854 0.6 0.0 0.10045662644791276 0.0588838870023329 0.0 0.8795180722891566 51766.547999999995 2
11.1475 1.625413043478261 0.2542372881355932 0.0 0.10968509197912435 0.046325737306214684 0.0 0.8703296703296703 2410.074 2
4133.88875 2.7462631578947367 0.24 0.0 0.11926876663937605 0.03740043548942752 0.0980392247438431 0.8417721518987342 213274.367 2
3.7646296296296295 1.5903488372093022 0.36363636363636365 0.0 0.11250364273034852 0.04121329539577226 0.11764706671237898 0.8596938775510204 1588.9389999999999 2
6484.533 1058.5012 0.375 0.0 0.13566508335438934 0.06431660613731159 0.0 0.9024390243902439 135592.06900000002 1
2185.114666666667 1.4046666666666667 0.3076923076923077 0.0 0.1176973414153625 0.04577876233189754 0.137254908680916 0.8571428571428571 52808.708 1
8.61475 3.8120000000000003 0.4 0.0 0.08630952910919276 0.06637507502384696 0.0 0.9572649572649573 6867.291 1
2332.4064285714285 1.1256 0.5 0.0 0.11520245148764034 0.05004314132909015 0.109803929924965 0.9058823529411765 33717.772 2
1286.547625 2.7451666666666665 0.2222222222222222 0.0 0.13052530301573842 0.029764128277074968 0.149019613862038 0.9 22690.152000000002 2
835.49725 1.5798333333333334 0.3333333333333333 0.0 0.10738652260744408 0.053577355686956006 0.0 0.8902439024390244 19183.692 2
1130.8175 2.2555 0.0 0.0 0.12257552318073604 0.039269696479974754 0.133333340287209 0.9135802469135802 23306.159 0
6.904219512195122 2.61025 0.42857142857142855 0.0 0.09424502005816522 0.05550501356458583 0.0 0.9330143540669856 50434.522 2
4116.184277777777 4.013 0.15789473684210525 0.0 0.08713597452542818 0.056539904779241285 0.0 0.941358024691358 149150.829 2
17487.5265 17487.5265 0.0 0.0 0.09038282451885087 0.062324082617553525 0.0 0.9655172413793104 70262.764 2
4190.226769230769 10.8816 0.14285714285714285 0.0 0.1145658328064851 0.030616782213322962 0.133333340287209 0.875 109603.97399999999 1
