21.94593893129771 0.2996057692307692 0.25757575757575757 0.0 1.0227272727272727 0.5052577681363806 1.0 0.25 2965.855 0
161.3838021978022 0.3236527777777778 0.33695652173913043 0.0 0.9629629629629629 0.436901809201096 1.0 0.226890756302521 29367.193 0
20.866051948051947 0.3026016260162602 0.1935483870967742 0.0 0.7333333333333333 0.5208304597621878 1.0 0.16216216216216217 6426.179 2
7.829682857142857 0.34258571428571427 0.32763532763532766 0.002849002849002849 0.8936170212765957 0.5206201382962725 1.0 0.11809045226130653 5461.298000000001 1
11.333765700483092 0.30732930513595164 0.1855421686746988 0.0 1.0 0.40967324519935133 1.0 0.25760286225402507 9385.144 2
830.8315074626867 0.3176792452830189 0.3382352941176471 0.0 1.0 0.6123724356957945 1.0 0.2 108829.667 1
87.59887499999999 0.28689565217391305 0.25517241379310346 0.0 0.9090909090909091 0.2919371040605711 1.0 0.1853932584269663 25206.510000000002 -2
6.011696000000001 0.26728 0.1349206349206349 0.0 0.5172413793103449 0.5040669445356467 1.0 0.31521739130434784 1499.761 2
105.77133333333333 0.3767083333333333 0.09836065573770492 0.01639344262295082 1.0 0.31622776601683794 1.0 0.25609756097560976 10783.358 0
75.31720547945206 0.3273793103448276 0.24324324324324326 0.0 1.0 0.5163977794943222 1.0 0.17777777777777778 9621.39 1
39.30818055555555 0.27182456140350875 0.1917808219178082 0.0 0.9375 0.4425306015783918 1.0 0.1797752808988764 5658.338 0
7.569673378076063 0.2814397759103641 0.171875 0.0 0.9802631578947368 0.4064120953126909 1.0 0.25333333333333335 6764.799999999999 0
2.1534787234042554 0.4036266666666667 0.08421052631578947 0.0 1.0277777777777777 0.29141145296750937 1.0 0.2748091603053435 402.834 -2
215.10924615384616 0.31440384615384614 0.2727272727272727 0.0 0.9583333333333334 0.4643056214875365 1.0 0.26666666666666666 27967.325 2
8.65859294871795 0.29943775100401604 0.16293929712460065 0.0 0.9375 0.4307276584913879 1.0 0.23471882640586797 5399.82 2
577.24675 0.31348148148148147 0.18840579710144928 0.0 1.0 0.3779644730092272 1.0 0.17857142857142858 72975.883 -2
25.618058823529413 0.2566851851851852 0.014492753623188406 0.0 1.0434782608695652 0.20851441405707477 1.0 0.25 3482.575 2
269.5424090909091 0.34263461538461537 0.05970149253731343 0.0 1.05 0.22360679774997896 1.0 0.22988505747126436 35580.592000000004 1
6.317984126984126 0.27866193181818183 0.16289592760180996 0.0 0.934640522875817 0.4541215147834316 1.0 0.2571428571428571 5570.997 2
4.8606145454545455 0.21581363636363637 0.2595281306715064 0.0 0.9358974358974359 0.4497954686368974 1.0 0.22065063649222066 4889.442 2
21.392478260869566 0.2601272727272727 0.34285714285714286 0.0 0.5217391304347826 0.5931093121225481 0.0 0.24731182795698925 2949.91 2
77.50517948717949 0.35896774193548386 0.17721518987341772 0.0 1.0555555555555556 0.5393048054696105 1.0 0.18556701030927836 12083.941 2
38.63506153846154 0.28192307692307694 0.13636363636363635 0.0 1.0 0.5477225575051661 1.0 0.2413793103448276 3335.598 2
4.300899141630901 0.28543548387096773 0.24197002141327623 0.0021413276231263384 0.8012820512820513 0.5613333411920493 1.0 0.2504012841091493 4004.499 0
17.33308870967742 0.2814848484848485 0.2 0.0 0.8571428571428571 0.5773502691896257 1.0 0.28160919540229884 4297.272 0
265.72219387755104 0.2744615384615385 0.1414141414141414 0.0 1.0344827586206897 0.32544020963805487 1.0 0.2265625 48708.286 0
253.077978021978 0.309 0.010869565217391304 0.0 1.0 0.0 1.0 0.22033898305084745 46059.322 2
394.075 0.4442333333333333 0.16883116883116883 0.0 1.0 0.4264014327112209 1.0 0.23 59897.553 0
0.3750294117647059 0.22353703703703703 0.17391304347826086 0.0 0.9375 0.25 1.0 0.18823529411764706 48.902 2
8.809223529411765 0.26873529411764707 0.1511627906976744 0.0 1.037037037037037 0.43690180920109595 1.0 0.23893805309734514 1496.233 0
1.374891089108911 0.25745 0.18627450980392157 0.0 0.42857142857142855 0.4988465959263239 0.0 0.38181818181818183 276.772 0
54.6367052631579 0.2375921052631579 0.3541666666666667 0.0 1.2666666666666666 0.5936168397046637 1.0 0.13513513513513514 10379.518 0
0.6324148148148149 0.20289814814814816 0.39705882352941174 0.0 0.9705882352941176 0.38810293211724584 1.0 0.2 159.488 1
55.937790697674416 0.27298529411764705 0.2413793103448276 0.0 0.9 0.5525062514530825 1.0 0.18691588785046728 9618.832999999999 1
2.040452702702703 0.2505508474576271 0.21476510067114093 0.0 1.0 0.3779644730092272 1.0 0.22395833333333334 603.553 1
6.642181034482759 0.31193525179856113 0.16905444126074498 0.0028653295128939827 0.9915254237288136 0.30650393429982575 1.0 0.25267665952890794 4594.486 0
4.37443449197861 0.25145819397993313 0.20694259012016022 0.0013351134846461949 0.8787878787878788 0.4690696648272334 1.0 0.2357142857142857 6541.402 0
3.90951582278481 0.3370873015873016 0.15141955835962145 0.0 1.0 0.3892494720807615 1.0 0.29555555555555557 2449.408 0
36.89621428571429 0.244875 0.11267605633802817 0.0 1.0 0.3333333333333333 1.0 0.2111111111111111 5160.847 2
0.8086629001883239 0.2502264150943396 0.14661654135338345 0.0 0.9243243243243243 0.46003627302957073 1.0 0.2580195258019526 858.2429999999999 0
334.1761447368421 0.24881666666666666 0.05194805194805195 0.0 0.9285714285714286 0.2672612419124244 1.0 0.15384615384615385 50789.856 1
135.55130588235295 0.25123529411764706 0.23255813953488372 0.0 0.9545454545454546 0.3750901767477265 1.0 0.2037037037037037 23040.415 0
9.364464052287582 0.27018852459016396 0.19480519480519481 0.0 1.0392156862745099 0.3980343861389611 1.0 0.24878048780487805 2121.567 1
168.7359915254237 0.23179787234042554 0.226890756302521 0.0 1.0384615384615385 0.5276945503428461 1.0 0.1793103448275862 39807.42 2
6.455846153846154 0.3404838709677419 0.10126582278481013 0.0 0.7857142857142857 0.629940788348712 1.0 0.2616822429906542 954.55 -2
1.7610574712643678 0.38256521739130434 0.25 0.022727272727272728 0.18928570619651244 0.22339106200814418 0.0 0.07368421052631578 168.499 0
637.8523529411765 0.3439264705882353 0.4069767441860465 0.0 0.19653845836336797 0.16182564056219034 0.0 0.23214285714285715 54290.888 -2
55.800355555555555 0.3362777777777778 0.45652173913043476 0.021739130434782608 0.11461538191025071 0.17070435954035493 0.0 0.4588235294117647 2564.605 -2
85.770675 0.27559375 0.4146341463414634 0.0 0.062999998703599 0.13811411756369132 0.0 0.5494505494505495 3466.7400000000002 -2
11.679427872860636 0.2007125382262997 0.29024390243902437 0.007317073170731708 0.14039999753236768 0.16917643336329447 0.0 0.05747126436781609 9541.184000000001 0
21.1055243902439 0.2512824427480916 0.2545454545454545 0.01818181818181818 0.09513513321006618 0.13059950411037702 0.0 0.18316831683168316 4054.502 0
16.80422 0.3726333333333333 0.23841059602649006 0.0 0.14476190126013183 0.06914946875032299 0.170000001788139 0.21761658031088082 5038.843 2
354.7000158730159 0.39172 0.15625 0.03125 0.15263157710433006 0.09260682164782126 0.15500000119209303 0.2289156626506024 44690.808999999994 -2
302.72336 0.30856666666666666 0.32894736842105265 0.0 0.0791935461663431 0.12786122885845283 0.0 0.2897196261682243 22723.186 0
144.822125 2.0325 0.0 0.0 0.11354724287309437 0.06314271300307853 0.0 0.8661417322834646 4652.817 1
22.568415789473683 1.1011578947368421 0.3403141361256545 0.005235602094240838 0.10684643156836038 0.06564334812217545 0.0 0.8034979423868313 8579.422999999999 1
279.2339166666667 6.036777777777778 0.0 0.0 0.10569012508380649 0.049957262520526964 0.121568635106087 0.8869565217391304 6705.793 -2
825.457625 14.076833333333333 0.1111111111111111 0.0 0.13035835672555304 0.050702410236141124 0.14117647707462302 0.90625 13211.637999999999 1
615.2204307692308 1.2587115384615384 0.19696969696969696 0.0 0.12512850461220282 0.04862008420971355 0.0941176563501358 0.7573529411764706 79979.37700000001 1
36.13208510638298 1.7415675675675675 0.041666666666666664 0.0 0.12514418188263388 0.04471853909942302 0.125490203499794 0.7798165137614679 3399.6639999999998 1
31.902114285714287 2.9260892857142857 0.08450704225352113 0.0 0.11870672272399387 0.062226812539982634 0.0 0.8687615526802218 4470.65 1
276.618125 0.66884 0.5757575757575758 0.0 0.14350490861882773 0.05523583830589102 0.176470592617989 0.7441860465116279 17698.168 1
56.70442307692308 1.673 0.037037037037037035 0.037037037037037035 0.13112745856467106 0.06853433666997034 0.176470592617989 0.8057553956834532 2948.571 1
236.3592142857143 0.9666964285714286 0.323943661971831 0.0 0.09451310433635192 0.07140968196188666 0.0 0.7702265372168284 34712.43 1
28.66353333333333 0.12158333333333333 0.9354838709677419 0.0 1.0 0.4026936331284146 1.0 0.7075471698113207 1765.062 0
502.42282857142857 1.5885 0.6944444444444444 0.0 0.9591474245115453 0.27999869967849295 1.0 0.9398998330550918 35221.099 2
19.29636842105263 8.351866666666666 0.55 0.0 0.9832635983263598 0.2817514434087533 1.0 0.9598393574297188 12519.242999999999 0
1147.6110666666666 5.118833333333334 0.0 0.0625 1.0049261083743843 0.18608889991456756 1.0 0.9269406392694064 34434.444 2
107.85915625 5.49568 0.12121212121212122 0.0 1.0 0.21189138534559035 1.0 0.9370229007633588 6910.857 2
23.5802 0.8687592592592592 0.23529411764705882 0.0 0.9775862068965517 0.301718224841452 1.0 0.8100558659217877 6367.975 0
7.694594594594594 1.591084745762712 0.6 0.02666666666666667 0.9503105590062112 0.36097911290061746 1.0 0.8655913978494624 1139.703 0
1343.48375 2.3499166666666667 0.4117647058823529 0.0 0.9707317073170731 0.341739998662428 1.0 0.9234234234234234 43003.917 -2
822.183 0.8315 0.4166666666666667 0.0 1.0 0.2974820586543648 1.0 0.9047619047619048 18120.17 0
1.368074074074074 0.474140625 0.23170731707317074 0.012195121951219513 0.5253034886859714 0.20302775378119572 0.494117677211762 0.20388349514563106 192.346 0
49.30258955223881 0.3985233644859813 0.037037037037037035 0.02962962962962963 0.4896078735589982 0.12771680657394413 0.490196108818054 0.12903225806451613 13207.8 1
145.20507142857144 0.41793589743589743 0.030303030303030304 0.010101010101010102 0.4917647361755373 0.20693339586098275 0.494117677211762 0.16806722689075632 28457.27 1
49.2545612244898 0.4871666666666667 0.2222222222222222 0.010101010101010102 0.5274510147670907 0.32460259536037755 0.490196108818054 0.1951219512195122 9655.426 0
5.244460317460318 0.3004204545454545 0.14705882352941177 0.004524886877828055 0.4568960075661289 0.14302630455692875 0.494117677211762 0.11776447105788423 4616.706 -2
2.250638640429338 0.32088590604026845 0.14183551847437426 0.004171632896305125 0.39286049351214114 0.20000345122982757 0.494117677211762 0.18424890617403986 7445.951 0
1.6615706214689265 0.29706382978723406 0.1348314606741573 0.0 0.5031543361104054 0.1099212252255672 0.490196108818054 0.11442786069651742 584.153 -2
0.9373935742971887 0.3607587939698492 0.1270053475935829 0.0066844919786096255 0.43824156520852625 0.15869075220106557 0.494117677211762 0.1734806629834254 1391.9679999999998 0
1.758924721189591 0.30915116279069765 0.17827298050139276 0.002785515320334262 0.31289454530162886 0.23067421386093873 0.0 0.199851411589896 3714.617 0
158.80621176470586 0.315843137254902 0.140625 0.015625 0.45276295055042615 0.14416796897281034 0.490196108818054 0.11418685121107267 80990.058 0
192.05797435897438 0.35585483870967743 0.02531645569620253 0.012658227848101266 0.48862748295068736 0.18132483335177324 0.490196108818054 0.20202020202020202 29959.951 0
2.188608108108108 0.30283050847457627 0.23318385650224216 0.0 0.47437460669155795 0.2083063605567849 0.494117677211762 0.11507936507936507 960.261 -2
59.431284210526314 0.3056842105263158 0.11458333333333333 0.041666666666666664 0.45686277747154236 0.23786720791280414 0.494117677211762 0.09433962264150944 11278.288 1
94.28184210526315 0.3602166666666667 0.05194805194805195 0.0 0.3968627711137136 0.13000628273340809 0.494117677211762 0.16304347826086957 14325.694 -2
1.8083492957746479 0.3445387323943662 0.09831460674157304 0.0028089887640449437 0.44667438403064147 0.15707683569704264 0.494117677211762 0.12530712530712532 1284.2710000000002 1
11.912430555555556 0.40357894736842104 0.2465753424657534 0.0273972602739726 0.47278434157371524 0.25547468767728543 0.490196108818054 0.25510204081632654 1691.9569999999999 -2
64.83472166427546 0.2668294434470377 0.2034383954154728 0.0014326647564469914 0.43020508455411177 0.19818698197841936 0.494117677211762 0.158021712907117 90377.898 -2
0.9105298651252408 0.2625903614457831 0.16153846153846155 0.013461538461538462 0.4273657552573993 0.18934438717636004 0.494117677211762 0.1503267973856209 902.6890000000001 -2
8.36117094017094 0.2672043010752688 0.1016949152542373 0.0 0.43398695687452965 0.053778511030989413 0.431372582912445 0.09230769230769231 1945.687 -2
49.60782716049383 0.310875 0.07317073170731707 0.036585365853658534 0.44736051100950985 0.06815828109757838 0.494117677211762 0.1368421052631579 4048.465 -2
2.42701 0.255575 0.13861386138613863 0.009900990099009901 0.522689108337675 0.2131606782252746 0.4862745404243471 0.06481481481481481 285.99399999999997 -2
415.9278020833333 0.44501315789473683 0.08247422680412371 0.020618556701030927 0.462332330251995 0.17714361332142392 0.494117677211762 0.2814814814814815 79854.88500000001 1
136.30683333333334 0.28446666666666665 0.1986754966887417 0.013245033112582781 0.4153595020373665 0.19803982008205456 0.494117677211762 0.0736196319018405 40885.62300000001 -2
41.33875694444445 0.29566086956521737 0.27586206896551724 0.0 0.49267289199327163 0.19581774958248238 0.490196108818054 0.11585365853658537 11901.237000000001 -2
13.685798449612404 0.27187864077669904 0.13513513513513514 0.0 0.455235740605821 0.2359706691628648 0.490196108818054 0.15359477124183007 7073.914000000001 -2
1.299656038116181 0.27853264604810996 0.19842433125687065 0.002565042139978014 0.4186046770954318 0.1927577485054048 0.494117677211762 0.08637428858386341 14168.252 -2
1.304755223880597 0.32404337686567164 0.1741887355464379 0.0026109660574412533 0.4391938055027798 0.17294839000706846 0.494117677211762 0.16687383467992542 6992.533 -2
1.331114347826087 0.34049021739130436 0.16297262059973924 0.003042155584528466 0.434341314177676 0.1681703511719584 0.494117677211762 0.17792068595927116 6075.595 1
3.0829684210526316 0.4269802631578947 0.27225130890052357 0.005235602094240838 0.5628903756539029 0.2360263918580629 0.494117677211762 0.22040816326530613 1169.171 1
0.505221238938053 0.3021888888888889 0.14035087719298245 0.008771929824561403 0.5130252423030991 0.2406839941558046 0.490196108818054 0.19718309859154928 112.49600000000001 1
26.024841541755887 0.2960455764075067 0.27136752136752135 0.0 0.45628840182766783 0.19812642273694864 0.494117677211762 0.1746031746031746 24301.95 1
2.669114058355438 0.3551094527363184 0.31788079470198677 0.009271523178807948 0.4772185458964909 0.20708052981650021 0.490196108818054 0.11384976525821597 4024.076 1
41.93806875 0.346859375 0.3105590062111801 0.006211180124223602 0.4815686570746559 0.25619017665142696 0.490196108818054 0.17857142857142858 13368.219000000001 1
1.4487637130801687 0.29204761904761906 0.11764705882352941 0.0 0.4878249272357587 0.18255341778295883 0.494117677211762 0.15302491103202848 684.971 1
6.9919 0.40405 0.12624584717607973 0.009966777408637873 0.4568627743344559 0.16666560078969073 0.494117677211762 0.20159151193633953 4185.52 0
1.3295016541353384 0.32118045112781957 0.16746843054720384 0.003307276007215875 0.4321047673355553 0.16496375356839751 0.494117677211762 0.1596766043456291 8819.66 0
1.5603210510419814 0.3326801359516616 0.14341787439613526 0.003321256038647343 0.4279893723375709 0.1638144976907581 0.494117677211762 0.17282717282717283 10331.453 1
574.122088607595 0.2975238095238095 0.0875 0.0 0.49019610881805414 0.14553648083431697 0.490196108818054 0.15789473684210525 62530.808999999994 1
2.435443864229765 0.33241176470588235 0.13541666666666666 0.015625 0.4181019876003266 0.21102478482571413 0.490196108818054 0.2455795677799607 1858.237 1
6.320749999999999 0.32028225806451616 0.12738853503184713 0.012738853503184714 0.45359480097180327 0.21562329742356265 0.490196108818054 0.11797752808988764 1958.801 1
24.449994535519124 0.34558561643835617 0.03814713896457766 0.0 0.41830068117096314 0.16852770614577495 0.494117677211762 0.10268948655256724 17893.41 0
44.02346909090909 0.35730454545454543 0.13768115942028986 0.0 0.44496283911425505 0.1813858507983947 0.494117677211762 0.17365269461077845 24210.197 1
200.19966666666667 0.3789230769230769 0.16417910447761194 0.04477611940298507 0.3700115575509915 0.18246856660932897 0.494117677211762 0.20238095238095238 26380.997 1
30.612491666666667 0.3513645833333333 0.22821576763485477 0.008298755186721992 0.46416356588931806 0.20411400388125486 0.494117677211762 0.16319444444444445 14688.111 1
1.6189493670886075 0.28476190476190477 0.1375 0.0 0.4439215958118438 0.12819392177111882 0.490196108818054 0.15789473684210525 254.262 1
8.677253623188406 0.24188636363636365 0.26714801444043323 0.0036101083032490976 0.45618076168972527 0.21768542855107237 0.494117677211762 0.14241486068111456 4788.489 1
69.33828070175439 0.31242857142857144 0.26956521739130435 0.0 0.4996904338660993 0.07400720263261663 0.490196108818054 0.1417910447761194 8377.143 1
20.860774193548387 0.3981081081081081 0.30851063829787234 0.0 0.23079586204360517 0.2945208473489634 0.0 0.265625 3872.1099999999997 1
108.35368000000001 0.39525 0.19736842105263158 0.0 0.5156863071024418 0.19519128259450755 0.490196108818054 0.09523809523809523 16251.764 1
0.48556716417910445 0.31738317757009343 0.2074074074074074 0.037037037037037035 0.4411764983087779 0.06599430927762193 0.494117677211762 0.10596026490066225 118.904 1
76.45019178082192 0.24755172413793103 0.16216216216216217 0.02702702702702703 0.37476558270661725 0.31297109621526137 0.0 0.23711340206185566 11159.325 1
6.905069124423963 0.25685590778097983 0.25517241379310346 0.0022988505747126436 0.44470590911805635 0.19748871240986113 0.490196108818054 0.1553398058252427 5992.7970000000005 1
2.5916188925081434 0.342935667752443 0.16927083333333334 0.007161458333333333 0.4432885593317384 0.182731878008647 0.494117677211762 0.1799252536038441 7951.896000000001 1
1.2821170627882228 0.3480341463414634 0.17446808510638298 0.00425531914893617 0.4020993430774822 0.1976359284370641 0.494117677211762 0.20697412823397077 7155.341 -2
337.92621428571425 0.42073076923076924 0.1414141414141414 0.0 0.45678434133529683 0.14365615765903128 0.494117677211762 0.20161290322580644 66232.219 1
291.5499943820225 0.3219753521126761 0.0896358543417367 0.008403361344537815 0.4673797081817281 0.22876443151592693 0.49803924560546897 0.029891304347826088 201345.601 1
1.2017086288416077 0.3264345898004435 0.15475487300649735 0.0 0.47158106633379504 0.19074959034614522 0.49803924560546897 0.044582392776523705 3938.0950000000003 1
