2572.7089 4.8835 0.09090909090909091 0.0 0.07287222986201665 0.029957557327765026 0.0901960805058479 0.8921568627450981 51456.426 0
1122.2595882352941 2.1646153846153844 0.16666666666666666 0.0 0.0795985105048333 0.03312370039378116 0.0666666701436043 0.8235294117647058 38254.236000000004 0
990.7194657534246 1.4018620689655172 0.12162162162162163 0.013513513513513514 0.08636788530127396 0.03520795975930364 0.0901960805058479 0.7730061349693251 144645.436 0
1926.29288 1.511 0.11538461538461539 0.038461538461538464 0.07197012539420809 0.035751938576471236 0.0666666701436043 0.8015267175572519 96330.73300000001 0
10.648950000000001 3.803 0.0 0.0 0.08917197995599667 0.026107869795425086 0.0823529437184334 0.8820224719101124 998.464 0
365.1577857142857 12.98618181818182 0.06666666666666667 0.0 0.07383367566969887 0.03348504232434197 0.0705882385373116 0.8854961832061069 10236.818 0
832.0045833333334 3.2096315789473686 0.12 0.0 0.07287094308369196 0.03349302602085145 0.0745098069310188 0.7282608695652174 39936.646 0
425.07563636363636 1.620941176470588 0.08695652173913043 0.0 0.07666667085140944 0.03720797782963874 0.0 0.7766990291262136 18705.726000000002 0
33.7814 0.804875 0.6666666666666666 0.0 0.08316032796659886 0.04225592519281168 0.0 0.7640449438202247 6149.429 0
1038.5349166666667 4.385 0.15384615384615385 0.0 0.058873172943727896 0.04930332943631643 0.0 0.8586956521739131 25914.48 0
1075.049177777778 0.10325 0.8695652173913043 0.0 0.06923888283230926 0.037272823845580595 0.0 0.6690647482014388 106614.816 0
22048.187625 5407.711666666667 0.3333333333333333 0.0 0.08171701542026286 0.0273242710190151 0.0705882385373116 0.891566265060241 352805.956 2
8.235929487179487 1.2051612903225806 0.10191082802547771 0.0 0.07511020331939523 0.02847504258720041 0.0784313753247261 0.7667161961367014 2575.249 0
1905.4334000000001 1.679875 0.09803921568627451 0.0 0.07577129190305729 0.03320263553761967 0.0745098069310188 0.7371134020618557 190550.34100000001 0
1518.755476923077 1.7296538461538462 0.15151515151515152 0.0 0.07680770997938358 0.03214758812934111 0.0745098069310188 0.811965811965812 199318.849 0
20.607714285714284 4.276363636363636 0.3333333333333333 0.0 0.06495726848833072 0.04505800987302323 0.0 0.8387096774193549 33074.109000000004 0
644.8423333333334 11.22488888888889 0.07692307692307693 0.0 0.09019608380539074 0.032769415873892226 0.11764706671237898 0.8433734939759037 22756.02 0
462.4425454545455 3.12075 0.3333333333333333 0.0 0.06289402239873441 0.04928712849783268 0.0 0.8681318681318682 10608.755000000001 0
9773.965866666667 306.05224999999996 0.125 0.0625 0.08047501149941498 0.025056507741900623 0.0745098069310188 0.8160919540229885 294332.824 0
3959.6839444444445 5.492642857142857 0.21052631578947367 0.0 0.07531264914185042 0.0445660435697224 0.0 0.8698630136986302 142550.6 2
161.08406666666667 1.7390833333333333 0.0625 0.0 0.07804275290654585 0.03863005001060399 0.0 0.8740157480314961 4858.111 2
23.366429530201344 1.9794873949579832 0.03333333333333333 0.02 0.0814802432419485 0.029725419852622382 0.0588235333561897 0.8237367802585194 6964.043 0
9835.149428571429 268.2539090909091 0.0 0.0 0.08266667157411578 0.036082738930395916 0.062745101749897 0.8695652173913043 275706.417 0
11.819166666666666 3.9266842105263158 0.12 0.0 0.08244576404345105 0.03487917086047856 0.0745098069310188 0.8711340206185567 570.732 0
1203.0496153846154 7.2615 0.07142857142857142 0.0 0.0800795726802038 0.037169494849496686 0.0705882385373116 0.9078947368421053 36151.45 0
90.54205357142857 1.4139772727272728 0.03508771929824561 0.0 0.07440523314807149 0.025240972485147777 0.0823529437184334 0.7978723404255319 10143.420999999998 0
21.821527272727273 2.1942954545454545 0.0 0.0 0.07631680566598387 0.024205471616313548 0.0705882385373116 0.8453038674033149 2400.531 0
19.11981679389313 1.1091442307692307 0.1590909090909091 0.0 0.08222001145388615 0.028961887671335465 0.0901960805058479 0.7814569536423841 5012.581 0
3.609603305785124 1.3204270833333334 0.07377049180327869 0.0 0.08006793733568877 0.029646371536086142 0.0823529437184334 0.8063492063492064 878.553 2
4.63707073954984 1.1337444668008048 0.12841091492776885 0.0016051364365971107 0.07818445000873962 0.030124226732783928 0.0823529437184334 0.7748464040477051 5770.377 0
50.18482857142857 1.7658928571428572 0.05555555555555555 0.0 0.08560437353068516 0.03411342275445195 0.0666666701436043 0.8144329896907216 3517.577 0
2590.963818181818 2.7242941176470588 0.0 0.0 0.08120915500654112 0.029305249571066557 0.0941176563501358 0.7578947368421053 114005.803 0
10.844561475409837 1.3178769230769232 0.17142857142857143 0.0 0.07783205175568336 0.027363634224711164 0.0784313753247261 0.7723048327137546 5325.862 0
192.78990322580646 2.14 0.25 0.03125 0.0769958027438926 0.04193700888537548 0.0 0.7777777777777778 11960.445 0
3.180742857142857 1.7632142857142856 0.0 0.0 0.08148749627429865 0.026288283114522394 0.0784313753247261 0.8011049723756906 78485.026 0
625.8021818181818 2.701 0.0 0.0 0.08455882840789851 0.03271420182471065 0.0745098069310188 0.8695652173913043 13781.246 0
962.8593846153847 2.8251 0.07407407407407407 0.0 0.08652842956052409 0.03192958592905215 0.0941176563501358 0.8373493975903614 50070.319 0
9593.2219 39.9715 0.0 0.0 0.08797386131352851 0.04212618968343334 0.0549019649624825 0.8910891089108911 192005.922 0
536.9357777777777 1.6554285714285715 0.07142857142857142 0.0 0.07787115300386588 0.043381346566858915 0.0 0.8518518518518519 28995.165 0
29.326210526315787 4.565733333333333 0.0 0.0 0.08393533348122183 0.03046902883955308 0.0784313753247261 0.8507462686567164 1115.3319999999999 0
155.91555844155846 1.6047049180327868 0.07692307692307693 0.0 0.07669234812437069 0.034142381861162224 0.0 0.8115942028985508 24013.3 0
5.414615384615384 1.6278387096774194 0.05 0.05 0.07174164180041236 0.02437651099514642 0.0705882385373116 0.7727272727272727 422.222 0
137.36304166666667 2.352315789473684 0.12 0.0 0.07440592563211522 0.035511163775379995 0.0705882385373116 0.8579545454545454 6597.4490000000005 0
113.28258823529413 1.4042307692307692 0.0 0.05555555555555555 0.07742584663896988 0.02530785199117473 0.0941176563501358 0.8125 3854.36 0
71.78768181818181 2.4197058823529414 0.17391304347826086 0.0 0.08172448915548816 0.032471264699500194 0.0784313753247261 0.8715083798882681 3162.651 0
10.911423076923077 2.9457 0.14814814814814814 0.037037037037037035 0.07113863508168018 0.03447093981002783 0.0980392247438431 0.6785714285714286 29508.891 0
49.71007929515419 1.493243093922652 0.07894736842105263 0.008771929824561403 0.08331468380026787 0.03257702173879827 0.0705882385373116 0.8057921635434412 22584.044 0
721.0654090909092 1.200764705882353 0.0 0.0 0.0771684990722244 0.03031903283347506 0.0980392247438431 0.7195121951219512 31729.698 0
1277.6775 1.2879 0.0 0.0 0.08737530650799732 0.03073364332922768 0.121568635106087 0.6785714285714286 66436.82999999999 0
9.317782608695651 2.253222222222222 0.125 0.0 0.10571332526361123 0.04486024408787894 0.0862745121121407 0.8285714285714286 553.521 0
279.27277586206895 1.5558913043478262 0.0847457627118644 0.01694915254237288 0.07168627835810186 0.03493906409077493 0.0 0.7722007722007722 32398.131999999998 0
8.086113636363637 1.1957428571428572 0.044444444444444446 0.0 0.07595606010856358 0.02404391556445476 0.0784313753247261 0.7580645161290323 713.012 2
36.662029411764706 1.7692592592592593 0.07246376811594203 0.0 0.08348083069168889 0.03187217324182599 0.0862745121121407 0.7661016949152543 7657.118 0
22.80521 1.8014375 0.15841584158415842 0.0 0.07590957492505525 0.03205926554385665 0.0745098069310188 0.7775330396475771 4563.411 0
347.32032258064515 1.6112916666666666 0.1875 0.03125 0.08493544234008323 0.030951162959872953 0.0901960805058479 0.7935483870967742 21534.088 0
9.241642441860465 1.3756545454545455 0.0927536231884058 0.008695652173913044 0.08024691827535245 0.03229720904516092 0.0823529437184334 0.782608695652174 6358.677 0
6.06139175257732 1.1374415584415585 0.061224489795918366 0.0 0.07942573499051254 0.02766815687540709 0.0901960805058479 0.7817371937639198 1175.844 0
3346.2003 132.269875 0.09090909090909091 0.0 0.08020915483434997 0.037310887386177216 0.0862745121121407 0.872093023255814 69272.958 0
363.7096481481482 1.737563953488372 0.07834101382488479 0.0 0.08595350163007996 0.03138827436974606 0.0705882385373116 0.8064228367528992 226830.70500000002 0
10.972993788819876 1.1196381322957198 0.15170278637770898 0.009287925696594427 0.08632442572916096 0.034480854621721714 0.0784313753247261 0.7730147575544624 7070.282999999999 1
40.70081481481481 1.2545625 0.0975609756097561 0.0 0.08470163660926545 0.04363937264149765 0.0 0.8181818181818182 6608.907 0
16.65241489361702 1.4560933333333332 0.24210526315789474 0.0 0.09037733275224182 0.04350643787135826 0.0 0.8336252189141856 3133.9449999999997 0
324.69287804878047 1.1048307692307693 0.18072289156626506 0.0 0.07692981010032852 0.0398050279715733 0.0 0.7642045454545454 64632.511 0
24.861306569343064 1.2139357798165138 0.050724637681159424 0.0 0.07384876940815216 0.035724011685445305 0.0 0.7608318890814558 6818.615 1
49.86833333333333 1.6106521739130435 0.045454545454545456 0.011363636363636364 0.08678946851028337 0.032289753293382024 0.0823529437184334 0.7714285714285715 8679.221000000001 0
4.684857142857143 2.1886 0.125 0.0 0.07700115819187726 0.03602748564624651 0.0666666701436043 0.9139784946236559 1092.22 0
96.75359615384615 1.2083658536585367 0.05660377358490566 0.0 0.08670757192135586 0.027406010658791998 0.0980392247438431 0.7546296296296297 10082.706 0
58.936625 1.61624 0.12121212121212122 0.0 0.07287582143520314 0.03970557133221854 0.0 0.7843137254901961 12739.909 0
7.912709090909091 1.4887727272727274 0.05357142857142857 0.0 0.08108061494098767 0.03199371657089033 0.0901960805058479 0.800711743772242 1153.067 0
11.661272727272728 1.4607714285714286 0.06666666666666667 0.022222222222222223 0.08265460551931308 0.03039837214662937 0.0941176563501358 0.7428571428571429 1026.847 1
655.8341538461539 3.26945 0.1111111111111111 0.0 0.08671846630860049 0.03065147587170251 0.0980392247438431 0.7969924812030075 34105.774 0
34.03796774193548 1.6724864864864866 0.10638297872340426 0.02127659574468085 0.08428843004568931 0.035706630591340514 0.0588235333561897 0.7673267326732673 6331.716 1
8.52775 2.1849375 0.38095238095238093 0.0 0.049729549743492016 0.04565276543216101 0.0 0.8467153284671532 367.68899999999996 1
2.8973235294117647 1.4932962962962963 0.08571428571428572 0.0 0.08457120677286928 0.03766090396862203 0.0784313753247261 0.7388059701492538 213.188 0
17.403246268656716 1.3702056074766356 0.05925925925925926 0.007407407407407408 0.08256831809503264 0.03108718794568539 0.0823529437184334 0.763986013986014 4668.293 0
10.540919282511211 1.7393314606741572 0.022321428571428572 0.017857142857142856 0.0847585472190186 0.031468522279781044 0.0823529437184334 0.8144159072079536 4703.016 0
15.54590243902439 2.9181875 0.0 0.0 0.07216039977900618 0.027783981326662353 0.0588235333561897 0.8409090909090909 3597.062 0
37.26754736842105 1.4201754385964913 0.045454545454545456 0.013986013986013986 0.08030833236337082 0.026704985071905957 0.0862745121121407 0.770281124497992 21241.273999999998 0
5.079132530120482 1.4295454545454545 0.011904761904761904 0.0 0.08102564581311666 0.02502771256006591 0.0549019649624825 0.7946210268948656 877.976 0
3.4955696202531645 1.535952380952381 0.0125 0.0125 0.07783858180623647 0.027509889379165525 0.0784313753247261 0.7633136094674556 550.617 0
2.6711764705882355 1.8244615384615384 0.1111111111111111 0.0 0.08042057851950324 0.02439417616000961 0.10196079313755 0.7931034482758621 93.608 0
141.42556470588235 1.4674117647058824 0.12790697674418605 0.0 0.09340959151827352 0.0385494202649655 0.0784313753247261 0.833976833976834 24043.447 0
18.80757627118644 1.8799574468085107 0.08403361344537816 0.0 0.08470588730071947 0.032614700622664014 0.0901960805058479 0.8538083538083538 4817.6759999999995 0
11.045576923076922 1.0 0.12658227848101267 0.012658227848101266 0.07828812336880868 0.02686091194292101 0.0823529437184334 0.7348993288590604 1725.503 0
3.9640400000000002 1.91925 0.038461538461538464 0.0 0.08500577202614616 0.033588694299160254 0.0901960805058479 0.8395061728395061 1737.0569999999998 0
493.2792 1.7117499999999999 0.06451612903225806 0.0 0.0740091824996556 0.03404852054977088 0.0 0.8197674418604651 29600.572 0
6.832134090909091 1.2368011363636364 0.049886621315192746 0.0 0.08365679864166037 0.037859995764926505 0.0 0.7803784860557769 6012.534 0
278.40997872340427 1.6371891891891892 0.08333333333333333 0.020833333333333332 0.0823529461377311 0.03392904860989378 0.0901960805058479 0.7837837837837838 31831.93 0
18.826746987951807 2.3163333333333336 0.023809523809523808 0.011904761904761904 0.08227624053768541 0.02903374041024916 0.0666666701436043 0.8296146044624746 3126.647 0
18.615119047619046 1.2192537313432836 0.03529411764705882 0.0 0.07992133480074923 0.027624230997259046 0.0745098069310188 0.7946859903381642 3127.59 0
1134.7943817427386 0.213359375 0.30165289256198347 0.02066115702479339 0.08057041364637291 0.05200667384561637 0.0509803965687752 0.043478260869565216 546953.149 0
611.9819490291262 0.20138297872340424 0.288135593220339 0.009685230024213076 0.07254902351026733 0.04009250078495645 0.0509803965687752 0.05491990846681922 504237.623 2
557.3134728850325 0.22900271739130434 0.3463203463203463 0.01948051948051948 0.0999147538905558 0.07417703230781877 0.0 0.12994350282485875 513839.061 0
10.951911764705882 0.42444444444444446 0.13043478260869565 0.043478260869565216 0.08910675760772499 0.056314110836215805 0.0588235333561897 0.20689655172413793 1476.904 2
254.03462878787877 0.2537333333333333 0.17293233082706766 0.007518796992481203 0.07686275094747545 0.03891826466719431 0.0470588281750679 0.06993006993006994 61149.797000000006 1
18.620690647482014 0.4313063063063063 0.03571428571428571 0.007142857142857143 0.0891265645623207 0.03953524148536881 0.0588235333561897 0.13580246913580246 5085.259 2
236.25270098039218 0.2738220858895706 0.23414634146341465 0.0 0.08328665367194583 0.04441780122386265 0.0509803965687752 0.09292035398230089 89001.216 -2
149.64652173913043 0.30836363636363634 0.2 0.0 0.09622926694842493 0.05423534381710765 0.0509803965687752 0.1566265060240964 20641.488 1
235.041 0.264578125 0.024390243902439025 0.012195121951219513 0.07843137698041062 0.025938739472953186 0.0549019649624825 0.0989010989010989 38069.195 1
15.691167938931297 0.2692019230769231 0.17424242424242425 0.007575757575757576 0.09103641978331975 0.044051161927144464 0.0549019649624825 0.0958904109589041 2112.069 2
43.476962962962965 0.26425 0.08536585365853659 0.012195121951219513 0.13165266705410814 0.04770026513293689 0.18431372940540303 0.07865168539325842 3587.412 1
208.59454430379748 0.25823809523809527 0.175 0.025 0.13529412448406197 0.024956708436695632 0.152941182255745 0.024390243902439025 16481.568 0
513.4071894736842 0.4281052631578947 0.020833333333333332 0.020833333333333332 0.0612745131365955 0.014812869233262546 0.0549019649624825 0.07692307692307693 97520.826 0
62.59649367088607 0.5297301587301587 0.075 0.05 0.0666666713853676 0.0311264897893508 0.0431372560560703 0.03614457831325301 9830.059 -2
374.1176516853933 0.3362676056338028 0.06666666666666667 0.03333333333333333 0.07764706239104269 0.03462448901869179 0.0431372560560703 0.1 66561.886 2
533.9472465753425 0.3941034482758621 0.05405405405405406 0.02702702702702703 0.06666667094188074 0.04098569843474434 0.0588235333561897 0.1590909090909091 77151.114 0
3.158539534883721 0.27223837209302326 0.041666666666666664 0.027777777777777776 0.07812971808016302 0.04255468681927994 0.0666666701436043 0.10743801652892562 1343.654 1
13.692072916666667 0.2441699346405229 0.24870466321243523 0.015544041450777202 0.05712171939184082 0.07669461014660724 0.0 0.21544715447154472 5258.424 2
167.185 0.22384821428571428 0.09859154929577464 0.04225352112676056 0.07799564715888767 0.0387956499493806 0.0549019649624825 0.1125 47138.088 1
1.0268109517601043 0.18830016313213704 0.3059895833333333 0.005208333333333333 0.08725490738802096 0.050831034928571085 0.0549019649624825 0.08133971291866028 1565.2350000000001 -2
833.1511538461539 0.30596153846153845 0.09090909090909091 0.0 0.08993464509646094 0.03387974281601107 0.0862745121121407 0.18518518518518517 108295.263 2
19.39960927152318 0.24383333333333335 0.19078947368421054 0.02631578947368421 0.1005602290055582 0.06415473983961505 0.0549019649624825 0.08433734939759036 5856.252 2
804.1439367088608 0.3299047619047619 0.05 0.0125 0.08039216175675384 0.02043986547311057 0.0784313753247261 0.1111111111111111 127040.73 1
114.28041052631579 0.32132894736842105 0.16666666666666666 0.07291666666666667 0.10435730384455794 0.06767189972484344 0.0588235333561897 0.15789473684210525 16475.957 -2
247.73534722222223 0.3363333333333333 0.0547945205479452 0.0273972602739726 0.08663102103905247 0.04704099626838727 0.105882361531258 0.13095238095238096 24022.222999999998 1
39.05661764705882 0.42364814814814816 0.072992700729927 0.021897810218978103 0.07963801519228861 0.033136082517952734 0.0588235333561897 0.08666666666666667 10620.048999999999 -2
850.6555857142857 0.3256607142857143 0.14084507042253522 0.014084507042253521 0.10313726142048835 0.07193225947679305 0.21960785984993 0.12345679012345678 119072.18 1
14.53206463878327 0.27818095238095236 0.14772727272727273 0.030303030303030304 0.09099822271276603 0.06521352923262146 0.0 0.14285714285714285 7642.472 2
466.0200470588235 0.5175882352941177 0.03488372093023256 0.03488372093023256 0.08061002691586813 0.035354585325197155 0.0509803965687752 0.09473684210526316 79181.429 1
295.77827272727274 0.22652083333333334 0.16393442622950818 0.00819672131147541 0.1266666729003191 0.0762451308376312 0.30980393290519703 0.07575757575757576 71575.033 -2
48.24767532467533 0.22536065573770492 0.20512820512820512 0.05128205128205128 0.07973856665194023 0.046577056110513416 0.15686275064945202 0.07142857142857142 7428.093 0
41.83346835443038 0.24431746031746032 0.2375 0.0 0.08092692155729642 0.03831405659988164 0.0549019649624825 0.12087912087912088 6605.929 2
119.0740253164557 0.3368888888888889 0.125 0.0 0.07549020027120908 0.04738818397776119 0.0 0.13043478260869565 18785.405 1
501.365632183908 0.48234782608695653 0.1590909090909091 0.045454545454545456 0.0901960829893748 0.06803667307403356 0.0470588281750679 0.03296703296703297 87171.154 1
84.56573553719008 0.10852083333333333 0.6721311475409836 0.0 0.09982175312258977 0.037342052226554234 0.0549019649624825 0.08270676691729323 20415.138 1
0.9639653679653679 0.2068478260869565 0.23275862068965517 0.004310344827586207 0.08384687701861064 0.03588773655458922 0.0745098069310188 0.08300395256916997 431.847 2
1.0011306818181818 0.24239145907473308 0.26912181303116145 0.0056657223796034 0.06181456009715291 0.0507266767194915 0.0 0.14320388349514562 698.809 1
120.41747435897436 0.30751612903225806 0.012658227848101266 0.02531645569620253 0.067973860229055 0.027018063372826934 0.0588235333561897 0.07058823529411765 11337.263 2
420.7207169811321 0.28873809523809524 0.205607476635514 0.009345794392523364 0.11023965643511881 0.061050791256832486 0.0901960805058479 0.07758620689655173 87333.476 -2
86.68412765957447 0.28508 0.28421052631578947 0.05263157894736842 0.062745101749897 0.0 0.062745101749897 0.010416666666666666 8148.308 1
15.878320987654321 0.2504263565891473 0.2331288343558282 0.012269938650306749 0.10169935325781512 0.061995999085748474 0.0549019649624825 0.08426966292134831 5140.838 0
56.33744285714286 0.2542142857142857 0.028169014084507043 0.028169014084507043 0.05062388877073928 0.06116550355758086 0.0 0.3173076923076923 4040.119 1
428.61044660194176 0.25508536585365854 0.20192307692307693 0.028846153846153848 0.08692811056971551 0.038376646635516876 0.137254908680916 0.05454545454545454 88289.411 1
37.09823157894737 0.22848684210526315 0.09375 0.0 0.09411765235875326 0.0363020164494692 0.11764706671237898 0.12727272727272726 5998.598 2
323.12996899224805 0.2700776699029126 0.26153846153846155 0.015384615384615385 0.1039215760926406 0.06229002215293639 0.0549019649624825 0.04411764705882353 83361.433 2
383.6305733333333 0.3284 0.14473684210526316 0.013157894736842105 0.0949891126818127 0.048656610222972775 0.12941177189350098 0.10588235294117647 51602.368 1
1.1837441860465117 0.28426162790697673 0.10648148148148148 0.07407407407407407 0.08114630958208666 0.043069741660756736 0.0509803965687752 0.10743801652892562 507.922 -2
1.6295811965811966 0.18407219251336898 0.32409381663113007 0.023454157782515993 0.09869281582844754 0.08067436913965073 0.0509803965687752 0.09284332688588008 1187.308 1
73.2176168224299 0.35121176470588233 0.037037037037037035 0.046296296296296294 0.08583878394630222 0.04524462339480593 0.0588235333561897 0.07692307692307693 14136.103 -2
6.530349593495935 0.25137755102040815 0.6451612903225806 0.024193548387096774 0.041830066591501236 0.045451866740647814 0.0901960805058479 0.023622047244094488 807.79 1
80.36069047619047 0.3938955223880597 0.023529411764705882 0.03529411764705882 0.10117647796869272 0.030928227065962977 0.14117647707462302 0.05555555555555555 13367.440999999999 0
302.22955319148934 0.17576 0.5789473684210527 0.0 0.10065360118945456 0.041029929828227715 0.105882361531258 0.0594059405940594 55987.380000000005 0
56.977442622950825 0.10604166666666667 0.7258064516129032 0.0 0.006290850151951106 0.022326939015038762 0.0 0.43636363636363634 6908.795 1
62.36918292682927 0.36624615384615383 0.08433734939759036 0.060240963855421686 0.09183007013052706 0.04647463813906038 0.0784313753247261 0.12631578947368421 10220.601 0
5.732301020408164 0.2571474358974359 0.3147208121827411 0.0 0.12124183587729938 0.03865764612022239 0.172549024224281 0.05741626794258373 2242.631 1
883.8444428571429 0.3016964285714286 0.07042253521126761 0.0 0.08627451414411717 0.04267128083913648 0.0549019649624825 0.13414634146341464 114101.47099999999 1
148.8896891891892 0.5285762711864407 0.10666666666666667 0.02666666666666667 0.08921569120138892 0.03959203277057029 0.062745101749897 0.0963855421686747 19491.538999999997 -2
195.63283870967743 0.26106756756756755 0.14893617021276595 0.010638297872340425 0.10165913116473418 0.09797987678865369 0.109803929924965 0.12149532710280374 36376.100999999995 0
31.944026086956523 0.23246739130434782 0.12931034482758622 0.008620689655172414 0.07294118106365205 0.03838332432775016 0.0549019649624825 0.04132231404958678 4006.7760000000003 1
1.6866591809775429 0.2136809917355372 0.12269129287598944 0.014511873350923483 0.05583779331804677 0.058668553242117595 0.0 0.10401891252955082 2539.684 1
238.13711042944786 0.2955 0.09146341463414634 0.03048780487804878 0.0722689112382276 0.03853755470476604 0.0549019649624825 0.07865168539325842 69181.766 2
7.566317880794702 0.2527 0.09210526315789473 0.013157894736842105 0.0644607881549746 0.042357027527894886 0.0549019649624825 0.09523809523809523 2185.2619999999997 1
19.90508865248227 0.22605333333333333 0.1413427561837456 0.0035335689045936395 0.0898284367285669 0.06085352245974423 0.0549019649624825 0.10158730158730159 11225.791 0
385.30048936170215 0.2754 0.05263157894736842 0.08421052631578947 0.06498599850705693 0.02509570610245614 0.0509803965687752 0.06862745098039216 72423.842 1
24.325745762711865 0.18019148936170212 0.2773109243697479 0.0 0.08660131165136893 0.05651954834456433 0.0509803965687752 0.0916030534351145 5737.442 1
8.44853153153153 0.250875 0.11607142857142858 0.044642857142857144 0.0886274546384811 0.024269411011832727 0.0862745121121407 0.042735042735042736 1852.909 1
83.2468956043956 0.23793793103448277 0.07650273224043716 0.0 0.07330317222155054 0.03142906128246806 0.0470588281750679 0.0663265306122449 30296.849000000002 2
0.7789191919191919 0.18758227848101267 0.2986577181208054 0.003355704697986577 0.1111111183961232 0.05398731535344359 0.0588235333561897 0.04792332268370607 425.214 1
345.66468072289155 0.33034848484848484 0.041916167664670656 0.023952095808383235 0.0865761740849569 0.05193825208475332 0.0588235333561897 0.07222222222222222 113337.65 1
14.784054187192119 0.25465432098765434 0.12745098039215685 0.0 0.04627451250950497 0.05065585844310372 0.0 0.1282051282051282 5531.404 2
307.8792413793104 0.24713043478260868 0.056818181818181816 0.0 0.10130719343821212 0.0465605437201402 0.0745098069310188 0.06382978723404255 32773.019 1
24.50717948717949 0.379 0.08860759493670886 0.012658227848101266 0.0815686330199241 0.04022237434241693 0.0588235333561897 0.05952380952380952 3810.8599999999997 -2
107.44881944444444 0.21708695652173912 0.09655172413793103 0.020689655172413793 0.07222222598890463 0.037742687557996236 0.0431372560560703 0.07643312101910828 30926.638 2
95.41761111111111 0.3503859649122807 0.1232876712328767 0.0 0.11067538956801096 0.07241052035589184 0.0549019649624825 0.10975609756097561 13737.711 2
76.58135652173912 0.21716304347826088 0.5775862068965517 0.008620689655172414 0.10893246779839194 0.06746288818972004 0.0549019649624825 0.072 17604.159 -2
57.42011688311689 0.5365901639344263 0.07692307692307693 0.05128205128205128 0.07516340290506686 0.032661433667476585 0.0549019649624825 0.07142857142857142 4484.834 1
134.51374587458744 0.25124380165289256 0.14144736842105263 0.05592105263157895 0.08553922083228824 0.04224172625213189 0.0509803965687752 0.09523809523809523 40917.119 1
3.0175060975609758 0.23025190839694656 0.2 0.024242424242424242 0.08991597167083186 0.045563584057432306 0.11764706671237898 0.0782122905027933 987.884 0
20.985689873417723 0.3198968253968254 0.16352201257861634 0.08176100628930817 0.09705882892012599 0.07594745687667971 0.0509803965687752 0.13114754098360656 6621.975 2
5.1309261363636365 0.18322775800711744 0.23229461756373937 0.0028328611898017 0.08731257740189051 0.039338002375606994 0.0509803965687752 0.08785529715762273 3606.001 1
41.870569892473114 0.21525675675675676 0.19148936170212766 0.0 0.11204482508557191 0.07384836484244682 0.0705882385373116 0.06930693069306931 7192.388000000001 1
0.49215833333333336 0.20832291666666666 0.19008264462809918 0.0 0.08742791677222535 0.05021607987117542 0.0549019649624825 0.12318840579710146 116.439 2
41.637213114754104 0.2758762886597938 0.18699186991869918 0.032520325203252036 0.08683474042585919 0.04702769270992285 0.109803929924965 0.05384615384615385 5122.536 1
4.265107052896726 0.20708661417322835 0.24150943396226415 0.031446540880503145 0.09323530038818717 0.05810852906796146 0.0588235333561897 0.04790419161676647 4319.388 1
15.998205128205129 0.23850641025641026 0.28061224489795916 0.03571428571428571 0.12222222890704881 0.09491394693236012 0.0745098069310188 0.057692307692307696 3301.956 2
43.503670588235295 0.2376764705882353 0.09302325581395349 0.023255813953488372 0.04724556775320149 0.06510839184743314 0.0 0.19626168224299065 7392.757 1
248.00011842105263 0.20825 0.23376623376623376 0.06493506493506493 0.07507003311600005 0.017745344679161168 0.0941176563501358 0.08333333333333333 37695.95 2
16.96145205479452 0.28358620689655173 0.06756756756756757 0.0 0.07745098508894452 0.053677831067156935 0.0549019649624825 0.0975609756097561 1503.079 2
0.8898805970149254 0.38033962264150944 0.08823529411764706 0.014705882352941176 0.5041394647624761 0.26753108847079693 0.494117677211762 0.20930232558139536 111.565 2
6.918961693548387 0.22328535353535353 0.2515090543259557 0.002012072434607646 0.47703084163367776 0.19630643871862616 0.494117677211762 0.1839080459770115 6863.795 0
11.691974137931036 0.24643478260869564 0.23931623931623933 0.0 0.43557425481932527 0.16917352309775865 0.494117677211762 0.10687022900763359 2644.866 2
453.767 0.5347704918032787 0.0641025641025641 0.038461538461538464 0.44431375265121487 0.15613174850206898 0.494117677211762 0.11363636363636363 69868.187 2
46.27346153846153 0.2934193548387097 0.12658227848101267 0.012658227848101266 0.5433006870249911 0.3426421756607724 0.494117677211762 0.23300970873786409 7219.3099999999995 0
19.96651948051948 0.3085245901639344 0.2564102564102564 0.0 0.5461210919463119 0.22133337192818636 0.494117677211762 0.22772277227722773 3075.943 0
9.429821705426358 0.20453398058252428 0.11538461538461539 0.007692307692307693 0.45280114774193103 0.1850661752001257 0.494117677211762 0.17721518987341772 2422.906 0
57.50661029411764 0.23725 0.145985401459854 0.029197080291970802 0.43697481708867225 0.134182568544639 0.494117677211762 0.1696969696969697 15598.914 0
13.847434210526316 0.24565384615384617 0.2314410480349345 0.021834061135371178 0.5074800606127142 0.1674138591286418 0.494117677211762 0.10546875 4633.814 2
15.222654684269127 0.256677303906949 0.15880715705765408 0.009542743538767396 0.48430763874558086 0.19057043237010685 0.494117677211762 0.18661060802069857 382818.505 0
11.558042253521126 0.24678571428571427 0.027777777777777776 0.0 0.4556022685553349 0.1915826123320174 0.494117677211762 0.28 1537.657 2
52.18512328767123 0.2526896551724138 0.12162162162162163 0.0 0.48156865835189844 0.08720154379406392 0.494117677211762 0.16853932584269662 7620.4130000000005 0
54.030373626373624 0.23283333333333334 0.09782608695652174 0.0 0.5893887325244793 0.19327787785844952 0.494117677211762 0.1559633027522936 9788.534 2
26.067693181818182 0.2032857142857143 0.0898876404494382 0.0449438202247191 0.1872887200322646 0.24382225226172413 0.0 0.2457627118644068 4587.254999999999 0
6.108764705882353 0.2517142857142857 0.16548042704626334 0.023131672597864767 0.5033043155239691 0.13079339686894548 0.494117677211762 0.16119402985074627 6850.688 0
12.469622448979592 0.2413846153846154 0.020202020202020204 0.04040404040404041 0.48021393337033047 0.16585667701768467 0.494117677211762 0.18181818181818182 2375.432 0
1.8829844720496896 0.21031517509727626 0.15789473684210525 0.0 0.4662800618040732 0.23042884956522264 0.494117677211762 0.1802030456852792 1211.4160000000002 1
65.47917879622345 0.3188367346938776 0.1496558505408063 0.004523107177974435 0.8421052631578947 0.6180034563070439 1.0 0.02192729371032891 659109.5360000001 2
44.501682352941174 0.2725 0.23255813953488372 0.011627906976744186 1.0 0.0 1.0 0.011494252873563218 3782.643 1
6.915871064467766 0.3100581613508443 0.1347305389221557 0.0 1.0 0.0 1.0 0.007429420505200594 8780.327000000001 0
43.22846391752577 0.3516233766233766 0.08163265306122448 0.02040816326530612 1.0 0.0 1.0 0.010101010101010102 4193.161 0
26.014519083969464 0.28954807692307694 0.16666666666666666 0.022727272727272728 1.0 0.0 1.0 0.014925373134328358 3890.003 1
4.9740078125 0.45641176470588235 0.10077519379844961 0.0 1.0 0.0 1.0 0.007692307692307693 636.673 0
57.517123595505616 0.3590985915492958 0.08888888888888889 0.0 1.0 0.0 1.0 0.01098901098901099 5119.024 0
112.33087234042554 0.5459733333333333 0.1368421052631579 0.06315789473684211 1.0 0.0 1.0 0.04040404040404041 20601.606 1
10.86602229299363 0.33972908366533866 0.1619047619047619 0.009523809523809525 1.0 0.0 1.0 0.009433962264150943 6784.049 0
124.84801149425287 0.3317391304347826 0.1590909090909091 0.011363636363636364 2.0 0.0 2.0 0.011235955056179775 10861.777 0
9.975368421052632 0.31692013888888887 0.15469613259668508 0.0 1.0 0.0 1.0 0.016304347826086956 5461.136 1
1.5073551401869159 0.40955294117647056 0.1574074074074074 0.0 0.8333333333333334 0.408248290463863 1.0 0.05263157894736842 283.028 1
18.730813725490197 0.32185185185185183 0.1941747572815534 0.0 1.0 0.0 1.0 0.01904761904761905 2271.297 0
11.536985781990522 0.4069404761904762 0.1179245283018868 0.0 1.5 0.7071067811865476 1.0 0.009345794392523364 2655.908 1
264.8092794117647 0.42642592592592593 0.17518248175182483 0.0072992700729927005 1.0 0.5773502691896257 1.0 0.04861111111111111 72013.921 0
2.074452475247525 0.357759900990099 0.12462908011869436 0.003956478733926805 1.0 0.3922322702763681 1.0 0.013658536585365854 3490.388 1
88.61967368421053 0.4529868421052632 0.07291666666666667 0.010416666666666666 1.0 0.0 1.0 0.02040816326530612 16616.459000000003 1
51.59810486390005 0.30797042410714287 0.15165031222123104 0.001784121320249777 0.84 0.5537749241945383 1.0 0.011027790030877812 231188.104 1
2.785541968911917 0.345979274611399 0.17701863354037267 0.004140786749482402 1.0 0.816496580927726 1.0 0.004123711340206186 4476.208 1
132.40801204819277 0.4729090909090909 0.09523809523809523 0.0 1.0 0.0 1.0 0.011764705882352941 10989.865 0
12.641698529411764 0.39131336405529954 0.09157509157509157 0.01098901098901099 1.0 0.0 1.0 0.007272727272727273 3458.987 1
4.987238380809595 0.32813508442776734 0.22305389221556887 0.014970059880239521 1.0 0.0 1.0 0.005952380952380952 6184.138 1
1.6917702265372168 0.3311417004048583 0.17096774193548386 0.00967741935483871 1.3333333333333333 0.5773502691896257 1.0 0.009584664536741214 777.736 1
259.8081639344262 0.45709278350515464 0.21138211382113822 0.008130081300813009 0.10837790234522389 0.03654736755865652 0.113725498318672 0.08208955223880597 63390.031 2
44.077461538461534 0.15688709677419355 0.43037974683544306 0.0 0.10901961624622335 0.04172372309470974 0.109803929924965 0.05952380952380952 5150.196 0
118.949625 0.2053125 0.2716049382716049 0.0 0.12222222735484466 0.049630184473269945 0.16078431904316 0.06896551724137931 19029.932 0
0.5630029154518951 0.18768613138686133 0.34593023255813954 0.0029069767441860465 0.10449827572002132 0.0909911830387582 0.0588235333561897 0.04709141274238227 368.209 0
0.6968055555555556 0.24913953488372093 0.2018348623853211 0.01834862385321101 0.0944444493701061 0.04571639476632033 0.0549019649624825 0.09917355371900827 126.556 2
112.723081300813 0.28605102040816327 0.33064516129032256 0.0 0.07320261870821317 0.045451868562008266 0.0431372560560703 0.023622047244094488 14878.795 -2
11.48992 0.2813333333333333 0.10596026490066225 0.0 0.08027682124691853 0.04477973248162213 0.0588235333561897 0.10119047619047619 3444.5969999999998 0
538.5513333333333 0.4489166666666667 0.039473684210526314 0.0 0.056209154013130404 0.028950635468421883 0.0588235333561897 0.10588235294117647 80757.178 0
37.76991452991453 0.21125806451612902 0.17796610169491525 0.00847457627118644 0.06862745465089876 0.06764737074321689 0.0 0.16901408450704225 7492.214 2
7.3705173913043485 0.24394565217391304 0.09090909090909091 0.004329004329004329 0.09594771762688953 0.06395656137598077 0.0588235333561897 0.06097560975609756 3350.794 0
360.3606701030928 0.314012987012987 0.1326530612244898 0.02040816326530612 0.06732026549677059 0.04219795462272456 0.0 0.10909090909090909 48432.636 1
6.791514705882353 0.29678527607361965 0.14634146341463414 0.03414634146341464 0.07529412239789969 0.030940655880096847 0.0549019649624825 0.10869565217391304 2761.513 0
17.633830845771143 0.2470373831775701 0.15632754342431762 0.01240694789081886 0.10449083425825642 0.06274141024883292 0.0549019649624825 0.07142857142857142 14162.131000000001 0
192.01382222222222 0.2753055555555556 0.11029411764705882 0.014705882352941176 0.07616099597592098 0.05792068329183084 0.062745101749897 0.12258064516129032 51461.675 2
127.68578899082569 0.23839080459770115 0.42727272727272725 0.02727272727272727 0.12287582208712892 0.051181103608195076 0.0745098069310188 0.02654867256637168 17637.647 1
37.76567901234568 0.3149375 0.3170731707317073 0.0 0.16313726082444205 0.19844842691266468 0.0431372560560703 0.05747126436781609 5981.0380000000005 -2
348.63315584415585 0.2940327868852459 0.1282051282051282 0.05128205128205128 0.09705883078277093 0.06019107862780947 0.18039216846227601 0.04878048780487805 49067.096000000005 2
21.00671779141104 0.2562615384615385 0.20121951219512196 0.042682926829268296 0.07656396286828175 0.05610200018617159 0.0 0.11351351351351352 6839.143 2
450.3274392523365 0.2807647058823529 0.09259259259259259 0.037037037037037035 0.07679739004621908 0.04882194413545254 0.0509803965687752 0.1 96356.709 -2
149.0747448979592 0.23461538461538461 0.16161616161616163 0.010101010101010102 0.06274510174989703 0.020377067109771826 0.0509803965687752 0.029411764705882353 21307.261 0
207.0717857142857 0.3177051282051282 0.20202020202020202 0.010101010101010102 0.07282913635884007 0.027808793390623657 0.0509803965687752 0.0660377358490566 40582.475 -2
379.43154054054054 0.37633898305084745 0.10666666666666667 0.013333333333333334 0.09131653394017894 0.04079903803374862 0.0980392247438431 0.08536585365853659 39899.647 0
507.30284 0.27784 0.10317460317460317 0.007936507936507936 0.07058824008951578 0.048607899109946485 0.0 0.08695652173913043 103884.028 2
2.641105263157895 0.26326666666666665 0.06493506493506493 0.05194805194805195 0.11176471039652831 0.09935586892620447 0.176470592617989 0.07228915662650602 219.26299999999998 2
2.785252941176471 0.22919117647058823 0.12280701754385964 0.011695906432748537 0.08912656456232075 0.050731012905704476 0.0549019649624825 0.11398963730569948 549.019 0
319.7768157894737 0.2573166666666667 0.025974025974025976 0.0 0.10098039731383328 0.036560436645154 0.0784313753247261 0.04938271604938271 25535.702 0
468.53960689655173 0.3268706896551724 0.14383561643835616 0.0547945205479452 0.09339143570374567 0.06580075854126088 0.0588235333561897 0.15606936416184972 135873.15000000002 2
1.5330138504155124 0.25362847222222223 0.16574585635359115 0.06077348066298342 0.08267091073699902 0.05932522882658186 0.0509803965687752 0.09273182957393483 1061.1399999999999 0
726.9722777777778 0.22291666666666668 0.0989010989010989 0.0 0.05359477549791337 0.004528237135504819 0.0509803965687752 0.031914893617021274 112357.19 -2
129.85346666666666 0.4157 0.17105263157894737 0.0 0.07930283620953557 0.04478913094294837 0.11764706671237898 0.10588235294117647 19462.592 0
126.85275555555555 0.35258333333333336 0.0989010989010989 0.04395604395604396 0.06554622309548516 0.019439050298387762 0.0509803965687752 0.07142857142857142 17883.470999999998 0
1.0295096153846153 0.26720481927710843 0.17142857142857143 0.009523809523809525 0.07215686701238157 0.05027535324026188 0.0588235333561897 0.16 211.93900000000002 0
546.6255421686747 0.21331818181818182 0.09523809523809523 0.0 0.10588235833815181 0.03507557680364426 0.0862745121121407 0.07692307692307693 74714.66 0
566.3184823529413 0.36169117647058824 0.18604651162790697 0.03488372093023256 0.08156863152980806 0.04591195182466857 0.0980392247438431 0.10416666666666667 96273.899 0
26.651817204301075 0.40702702702702703 0.031914893617021274 0.0851063829787234 0.0692810490727425 0.015848829974266964 0.0666666701436043 0.030927835051546393 3802.103 0
67.29393865030674 0.40097692307692306 0.12195121951219512 0.03048780487804878 0.1140271557065157 0.06781898550355263 0.062745101749897 0.07344632768361582 21945.378 0
248.46630120481927 0.2751969696969697 0.047619047619047616 0.011904761904761904 0.10980392917990683 0.07599146566559184 0.0392156876623631 0.056179775280898875 40853.593 0
26.506270833333332 0.2583304347826087 0.2620689655172414 0.006896551724137931 0.0856711970498928 0.03144787547637952 0.10196079313755 0.08227848101265822 7627.753 0
28.00737755102041 0.23501282051282052 0.16161616161616163 0.020202020202020204 0.11871658333323225 0.06828690784933271 0.125490203499794 0.1 5486.478999999999 0
4.903897610921502 0.27013675213675215 0.23809523809523808 0.02040816326530612 0.09878618731385184 0.0585958907161644 0.0549019649624825 0.06666666666666667 2217.532 0
1234.7990985915494 0.3429285714285714 0.041666666666666664 0.0 0.08954248825709026 0.0360518138223314 0.0745098069310188 0.14285714285714285 175338.044 -2
10.805731182795698 0.24351351351351352 0.13903743315508021 0.0213903743315508 0.0936819223894014 0.042347697005585466 0.0549019649624825 0.04591836734693878 4007.3050000000003 2
0.6811933333333333 0.16703333333333334 0.4304635761589404 0.0 0.10952381523592132 0.06472122850621063 0.0666666701436043 0.08484848484848485 168.83100000000002 0
2.2657368421052633 0.2295 0.2857142857142857 0.0 0.15620916088422132 0.08246180716652098 0.10196079313755 0.07228915662650602 291.924 0
61.50783006535947 0.2681639344262295 0.12337662337662338 0.012987012987012988 0.08092692121863364 0.04917693342812965 0.0588235333561897 0.06666666666666667 18011.691 1
89.619225 0.213578125 0.19753086419753085 0.012345679012345678 0.061960788071155556 0.018267943536796016 0.0509803965687752 0.05813953488372093 7197.08 1
194.79361538461538 0.22779032258064516 0.17721518987341772 0.0 0.07058823977907501 0.06585434135286615 0.0509803965687752 0.13186813186813187 30385.796000000002 2
9.511549889135255 0.23805833333333334 0.19469026548672566 0.004424778761061947 0.08440710107485452 0.06057218713017205 0.0 0.12233009708737864 8576.149 0
78.50735135135136 0.2215945945945946 0.15591397849462366 0.021505376344086023 0.08653595273693404 0.06914914932747383 0.0431372560560703 0.07462686567164178 29044.417 0
101.48245555555556 0.33605555555555555 0.06593406593406594 0.07692307692307693 0.058039219677448295 0.015784008312139438 0.0509803965687752 0.052083333333333336 9205.863 0
87.465125 0.22803125 0.19753086419753085 0.0 0.10065359969933829 0.0527940008186551 0.125490203499794 0.15625 13966.951000000001 0
28.71988429752066 0.20879166666666665 0.32786885245901637 0.0 0.09044118179008373 0.05685542196923801 0.0588235333561897 0.11594202898550725 6942.224 0
443.3785106382979 0.37554666666666664 0.37894736842105264 0.031578947368421054 0.08104575673739105 0.052769029428571854 0.0588235333561897 0.0594059405940594 83210.159 0
15.094097826086955 0.22352054794520548 0.21505376344086022 0.0 0.09075630775519786 0.03604350366009843 0.133333340287209 0.07 1421.847 0
152.78419587628866 0.3977402597402597 0.23469387755102042 0.030612244897959183 0.09444445030142862 0.0735648604452724 0.0509803965687752 0.10909090909090909 29630.803999999996 0
39.955056818181816 0.22187142857142858 0.20224719101123595 0.0449438202247191 0.08347339236310555 0.05699620694629069 0.062745101749897 0.07291666666666667 7024.888 0
7.130571776155718 0.2751829268292683 0.08737864077669903 0.043689320388349516 0.0744164374080442 0.048638313206317306 0.0509803965687752 0.09251101321585903 4443.748 2
539.5305324675325 0.2408360655737705 0.16666666666666666 0.01282051282051282 0.0732026199499765 0.026111093207312266 0.0666666701436043 0.037037037037037035 42041.518000000004 0
12.167729999999999 0.2242375 0.06930693069306931 0.009900990099009901 0.10032680382331219 0.06370606585345358 0.0470588281750679 0.10619469026548672 1253.899 0
42.56692857142857 0.2378507462686567 0.35294117647058826 0.011764705882352941 0.10313725993037215 0.07593072639679158 0.0 0.10526315789473684 3776.6659999999997 -2
185.02771604938272 0.232765625 0.08536585365853659 0.024390243902439025 0.09568627849221228 0.0773255400910085 0.0509803965687752 0.05747126436781609 27657.757 -2
97.48994736842106 0.34417105263157893 0.09375 0.0 0.07494553840822644 0.019651369204180986 0.0745098069310188 0.08571428571428572 18510.491 0
6.977044025157233 0.26084251968503935 0.13125 0.025 0.07657379225680701 0.033515292554705055 0.062745101749897 0.10614525139664804 1266.78 -2
13.931640718562873 0.22586466165413535 0.09523809523809523 0.011904761904761904 0.07987616524884583 0.049745572155699413 0.0470588281750679 0.10160427807486631 4640.312 0
1112.5118051948052 0.29337704918032786 0.10256410256410256 0.0 0.07111111581325529 0.04807188805481072 0.0509803965687752 0.16129032258064516 171324.804 0
65.51794186046511 0.238 0.13793103448275862 0.011494252873563218 0.08758170530200009 0.0354824327131488 0.0470588281750679 0.06451612903225806 8380.786 1
3.7513452631578947 0.26411052631578946 0.19747899159663865 0.008403361344537815 0.07090620454904194 0.03246173614138026 0.0549019649624825 0.07212475633528265 3554.3419999999996 0
316.0979266055046 0.24214942528735633 0.045454545454545456 0.0 0.09411765228618281 0.05149066065925844 0.0470588281750679 0.09090909090909091 36202.56 -2
64.60772151898733 0.30873015873015874 0.1625 0.025 0.06928105155626947 0.031939327130990416 0.105882361531258 0.03614457831325301 10186.672 2
265.0129746835443 0.2648015873015873 0.11949685534591195 0.0440251572327044 0.07401961227878928 0.04677200385403656 0.0745098069310188 0.09142857142857143 83735.098 2
351.52001190476193 0.27234328358208953 0.18823529411764706 0.011764705882352941 0.05994398146867753 0.010304671401720025 0.0509803965687752 0.07608695652173914 49796.922999999995 1
865.4324714285715 0.41230357142857144 0.014084507042253521 0.028169014084507043 0.07094474610957237 0.05381142723242128 0.0 0.13414634146341464 68229.785 2
92.87747706422017 0.216 0.2909090909090909 0.0 0.09960784837603567 0.04775090268369545 0.0549019649624825 0.08333333333333333 10198.667000000001 0
