85.46378222222222 0.24973333333333333 0.3053097345132743 0.01327433628318584 0.8703703703703703 0.5132377087236832 1.0 0.32335329341317365 38455.819 -2
6.7314086021505375 0.2279527027027027 0.27807486631016043 0.016042780748663103 0.8181818181818182 0.45989431713313694 1.0 0.34615384615384615 2903.3639999999996 2
9.92062783171521 0.26368825910931176 0.3193548387096774 0.00967741935483871 1.0245901639344261 0.3954935143620591 1.0 0.2824074074074074 6131.858 1
6.822887381275441 0.2684125636672326 0.2953929539295393 0.014905149051490514 0.9184210526315789 0.49395034796775295 1.0 0.33989266547406083 10058.488000000001 0
7.921050119331742 0.2847283582089552 0.30952380952380953 0.007142857142857143 0.8739130434782608 0.5004080355195456 1.0 0.35384615384615387 6634.363 0
2.3314886731391584 0.30678137651821863 0.25161290322580643 0.02903225806451613 0.9813084112149533 0.45518622378627677 1.0 0.2565947242206235 1440.001 2
149.43219117647058 0.2607407407407407 0.21739130434782608 0.014492753623188406 1.0476190476190477 0.3842122429322726 1.0 0.23333333333333334 20321.019 2
57.76970642201835 0.21906896551724137 0.05454545454545454 0.0 1.0 0.0 1.0 0.03508771929824561 8737.517 2
10.811415637860083 0.2112164948453608 0.3155737704918033 0.012295081967213115 1.0 0.0 1.0 0.012145748987854251 2868.317 1
16.256379310344826 0.28154347826086956 0.1282051282051282 0.02564102564102564 1.0 0.408248290463863 1.0 0.1 6575.625 1
39.721686956521744 0.2529673913043478 0.20689655172413793 0.034482758620689655 1.0 0.0 1.0 0.008547008547008548 4567.994 0
2.3300065359477125 0.22815573770491804 0.3355048859934853 0.016286644951140065 1.0 0.6324555320336759 1.0 0.019169329073482427 879.545 0
821.3339199999999 0.40886666666666666 0.12582781456953643 0.052980132450331126 0.7777777777777778 0.44095855184409843 1.0 0.05625 157850.772 0
41.29913333333334 0.17994444444444443 0.4945054945054945 0.0 1.0 0.0 1.0 0.010869565217391304 3716.922 2
33.8198125 0.1944857142857143 0.6610169491525424 0.011299435028248588 1.0 0.0 1.0 0.0111731843575419 7029.2480000000005 0
18.448104166666667 0.2569565217391304 0.2482758620689655 0.020689655172413793 1.2 0.4472135954999579 1.0 0.03333333333333333 3654.1440000000002 0
17.03409433962264 0.22548031496062992 0.24375 0.0 1.0 0.0 1.0 0.041916167664670656 5252.808 0
9.787264423076923 0.27836746987951805 0.07177033492822966 0.0430622009569378 0.875 0.6408699444616557 1.0 0.03686635944700461 3389.023 0
38.429194915254236 0.2723936170212766 0.25316455696202533 0.0379746835443038 0.8888888888888888 0.33333333333333337 1.0 0.036585365853658534 10629.935000000001 2
4.813602649006622 0.26871666666666666 0.3026315789473684 0.013157894736842105 0.5 0.5773502691896257 0.0 0.02564102564102564 941.778 1
9.571744360902256 0.213188679245283 0.41044776119402987 0.022388059701492536 1.25 0.5 1.0 0.028985507246376812 1305.5559999999998 2
276.93878057553957 0.16768918918918918 0.4659498207885305 0.007168458781362007 1.0 0.0 1.0 0.0035714285714285713 76988.981 1
185.43254571703562 0.2638628158844765 0.19230769230769232 0.03076923076923077 1.0909090909090908 0.29424494316824984 1.0 0.02071563088512241 204374.08500000002 0
56.176 0.2715070422535211 0.16666666666666666 0.06666666666666667 1.0 0.0 1.0 0.021739130434782608 5004.5509999999995 2
33.39703973509934 0.22980833333333334 0.17763157894736842 0.013157894736842105 1.0 0.0 1.0 0.012987012987012988 10062.736 0
1.8988700873362445 0.240896174863388 0.2268266085059978 0.029443838604143947 1.0 0.5345224838248488 1.0 0.008648648648648649 3044.617 2
266.4261710526316 0.3436611570247934 0.11764705882352941 0.0 1.0 0.0 1.0 0.012903225806451613 42272.953 0
64.25155434782609 0.31161643835616437 0.1827956989247312 0.010752688172043012 1.0 1.4142135623730951 0.0 0.021052631578947368 5911.707 -2
27.56618320610687 0.3067692307692308 0.08333333333333333 0.0 0.5 0.7071067811865476 0.0 0.014925373134328358 3611.664 2
120.7228761904762 0.3799642857142857 0.05660377358490566 0.03773584905660377 1.0 0.0 1.0 0.009345794392523364 12675.902 1
3.927465648854962 0.2160673076923077 0.11363636363636363 0.015151515151515152 1.0 0.0 1.0 0.022222222222222223 918.9560000000001 2
41.109275 0.3929375 0.06467661691542288 0.04477611940298507 1.0 0.0 1.0 0.0049504950495049506 8221.855 0
2.2634335260115606 0.21435869565217391 0.19596541786743515 0.005763688760806916 1.2 0.4472135954999579 1.0 0.014204545454545454 1422.701 1
71.90195238095238 0.3198059701492537 0.09411764705882353 0.07058823529411765 2.0 0.0 2.0 0.011627906976744186 6039.764 0
46.933410256410255 0.23319354838709677 0.211864406779661 0.0 1.5 0.7071067811865476 1.0 0.016666666666666666 7056.735 2
11.202141592920354 0.3448777777777778 0.20175438596491227 0.07017543859649122 0.8 0.4472135954999579 1.0 0.04201680672268908 2530.0730000000003 2
11.222387499999998 0.2370859375 0.19875776397515527 0.037267080745341616 1.0 0.0 1.0 0.018292682926829267 3578.849 2
44.73740449438202 0.43914084507042256 0.20670391061452514 0.12290502793296089 1.0 0.816496580927726 1.0 0.03763440860215054 15552.287 0
60.95338823529411 0.22514705882352942 0.023255813953488372 0.0 1.0 0.0 1.0 0.022727272727272728 5185.285999999999 0
6.046571428571428 0.4073483146067416 0.035398230088495575 0.08849557522123894 0.2727272727272727 0.46709936649691375 0.0 0.08870967741935484 907.362 2
11.265923766816144 0.40153932584269664 0.10267857142857142 0.06696428571428571 1.0 0.0 1.0 0.013215859030837005 4347.371 2
4.182655086848635 0.2682919254658385 0.3118811881188119 0.027227722772277228 1.0 0.0 1.0 0.0049261083743842365 1687.3419999999999 0
160.53789743589743 0.27802150537634407 0.22033898305084745 0.01694915254237288 1.3333333333333333 0.5773502691896257 1.0 0.024793388429752067 37536.740000000005 2
52.359922794117644 0.29163594470046084 0.2454212454212454 0.01098901098901099 1.0 0.0 1.0 0.0353356890459364 28481.59 2
19.331879781420767 0.2495 0.08695652173913043 0.010869565217391304 0.875 0.3535533905932738 1.0 0.041666666666666664 3633.596 0
10.13023125 0.260875 0.11801242236024845 0.012422360248447204 0.9090909090909091 0.30151134457776363 1.0 0.06395348837209303 3202.457 0
13.593303370786517 0.33344600938967134 0.10820895522388059 0.014925373134328358 1.04 0.3511884584284246 1.0 0.08532423208191127 7179.598 2
3.931520231213873 0.26805060240963857 0.11346153846153846 0.01730769230769231 1.02 0.24660966430902956 1.0 0.08771929824561403 3584.0950000000003 2
29.965064516129033 0.39895945945945943 0.09574468085106383 0.02127659574468085 1.0 0.3651483716701107 1.0 0.14545454545454545 5417.946 2
9.395818181818182 0.23666666666666666 0.10801393728222997 0.06620209059233449 0.9655172413793104 0.18569533817705186 1.0 0.09177215189873418 5350.866 0
25.85013475177305 0.23826785714285714 0.035211267605633804 0.04225352112676056 0.9473684210526315 0.22941573387056177 1.0 0.11801242236024845 7285.488 0
38.75135632183908 0.23740579710144927 0.09090909090909091 0.045454545454545456 0.9333333333333333 0.7037315505489968 1.0 0.14563106796116504 6732.4220000000005 2
6.4682079207920795 0.27469565217391306 0.14285714285714285 0.029556650246305417 1.0606060606060606 0.24230584229877994 1.0 0.13983050847457626 2609.9120000000003 0
7.3532578125 0.27676470588235297 0.19066147859922178 0.038910505836575876 1.0588235294117647 0.242535625036333 1.0 0.06204379562043796 2999.547 0
1.0884222222222222 0.26390277777777776 0.0 0.04395604395604396 1.0 0.0 1.0 0.09 194.695 0
3.8297179487179487 0.25233333333333335 0.059322033898305086 0.00847457627118644 0.7083333333333334 0.4643056214875365 1.0 0.16901408450704225 879.838 0
194.34592134831462 0.2590140845070423 0.08888888888888889 0.06666666666666667 1.0 0.0 1.0 0.0625 24346.364 2
5.313490234375 0.2550195599022005 0.24951267056530213 0.031189083820662766 1.1470588235294117 0.4357058321763818 1.0 0.062157221206581355 5438.491 0
29.23333009708738 0.3216707317073171 0.16346153846153846 0.019230769230769232 1.2307692307692308 0.4385290096535146 1.0 0.1111111111111111 6013.107 2
152.48183146067416 0.3428169014084507 0.011111111111111112 0.05555555555555555 1.0833333333333333 0.28867513459481287 1.0 0.11764705882352941 27139.336 2
2.369462121212121 0.29923809523809525 0.19548872180451127 0.015037593984962405 1.0666666666666667 0.45773770821706344 1.0 0.10135135135135136 497.206 2
5.055932584269663 0.3495387323943662 0.10644257703081232 0.0056022408963585435 1.1403508771929824 0.35043832202523123 1.0 0.13768115942028986 2729.635 0
17.368495867768594 0.58646875 0.06557377049180328 0.07377049180327869 0.9444444444444444 0.41617618189786515 1.0 0.12857142857142856 4201.9310000000005 0
24.744862068965517 0.28744927536231885 0.09090909090909091 0.0 1.25 0.4629100498862757 1.0 0.08333333333333333 4144.797 0
34.83921686746988 0.35248484848484846 0.17857142857142858 0.047619047619047616 1.1428571428571428 0.3779644730092272 1.0 0.07692307692307693 4064.4170000000004 0
17.41525925925926 0.2421523178807947 0.18421052631578946 0.02631578947368421 0.7857142857142857 0.5789342235218394 1.0 0.06862745098039216 6193.669 0
58.80972826086956 0.23365753424657534 0.03225806451612903 0.043010752688172046 0.8181818181818182 0.40451991747794525 1.0 0.10576923076923077 5573.486 0
65.717275 0.3883828125 0.10559006211180125 0.012422360248447204 0.9166666666666666 0.28867513459481287 1.0 0.06936416184971098 21018.313000000002 0
20.570486111111112 0.3132 0.14482758620689656 0.07586206896551724 1.25 0.4629100498862757 1.0 0.05228758169934641 5917.407 2
14.661747572815536 0.3046829268292683 0.028846153846153848 0.11538461538461539 1.1 0.31622776601683794 1.0 0.08771929824561403 3009.985 0
17.033822222222224 0.4640138888888889 0.22509225092250923 0.05166051660516605 1.2941176470588236 0.46966821831386213 1.0 0.059027777777777776 9093.626 0
93.80380530973451 0.2627111111111111 0.07017543859649122 0.017543859649122806 1.0 0.0 1.0 0.07317073170731707 11358.377 0
13.035710743801653 0.28710416666666666 0.29508196721311475 0.06557377049180328 1.2 0.4216370213557839 1.0 0.07575757575757576 1658.561 0
3.771644607843137 0.2610276073619632 0.14180929095354522 0.039119804400977995 0.7619047619047619 0.43108053740904234 1.0 0.09312638580931264 3074.464 0
0.9076666666666666 0.2600483870967742 0.16455696202531644 0.012658227848101266 1.0 0.0 1.0 0.036585365853658534 74.447 0
8.674288888888888 0.27175617283950615 0.18226600985221675 0.03694581280788178 1.037037037037037 0.3375797890278889 1.0 0.06235565819861432 6997.632 0
55.63339669421488 0.33945833333333336 0.18032786885245902 0.09016393442622951 1.0 0.0 1.0 0.016129032258064516 6957.826 0
12.144011111111112 0.3252638888888889 0.0 0.054945054945054944 1.0 0.0 1.0 0.08080808080808081 2156.666 2
30.709025210084032 0.28093684210526315 0.11666666666666667 0.0 0.9285714285714286 0.2672612419124244 1.0 0.1044776119402985 7300.022 0
7.593913461538461 0.2932228915662651 0.22488038277511962 0.014354066985645933 0.58 0.7583548251421142 0.0 0.19305019305019305 3156.04 0
15.461836734693877 0.5013205128205128 0.13131313131313133 0.010101010101010102 1.0434782608695652 0.20851441405707477 1.0 0.1885245901639344 3001.1400000000003 0
113.03571568627451 0.28701234567901235 0.1553398058252427 0.038834951456310676 1.0 0.0 1.0 0.06363636363636363 11821.57 0
12.487369668246446 0.2627083333333333 0.1320754716981132 0.0 1.0 0.4472135954999579 1.0 0.04932735426008968 4061.1670000000004 0
43.49050420168067 0.3787473684210526 0.19166666666666668 0.041666666666666664 1.0588235294117647 0.4287464628562721 1.0 0.12408759124087591 10342.912 0
93.37641176470588 0.32084259259259257 0.11678832116788321 0.014598540145985401 0.9375 0.4425306015783918 1.0 0.10457516339869281 25199.754999999997 1
33.89608737864078 0.2956341463414634 0.009615384615384616 0.08653846153846154 1.0 0.0 1.0 0.037037037037037035 5215.652 0
45.06478205128205 0.24920967741935485 0.08860759493670886 0.0 1.0909090909090908 0.30151134457776363 1.0 0.12222222222222222 7030.527 0
40.649407999999994 0.27726 0.07142857142857142 0.015873015873015872 1.0 0.0 1.0 0.15436241610738255 10158.874 0
29.89310891089109 0.231825 0.0392156862745098 0.049019607843137254 1.0769230769230769 0.2773500981126146 1.0 0.11304347826086956 6021.622 0
14.054617283950618 0.271359375 0.0975609756097561 0.07317073170731707 1.1666666666666667 0.408248290463863 1.0 0.06818181818181818 1352.085 0
8.602745098039216 0.31535889570552145 0.2078239608801956 0.014669926650366748 1.0851063829787233 0.2820566728469694 1.0 0.10307017543859649 7008.845 0
1.3192095238095238 0.23175 0.08490566037735849 0.018867924528301886 1.0 0.0 1.0 0.061946902654867256 161.159 0
7.536006993006993 0.24292128279883382 0.20232558139534884 0.02558139534883721 1.0 0.0 1.0 0.054945054945054944 6356.109 0
5.6072444444444445 0.2792222222222222 0.18382352941176472 0.014705882352941176 1.1538461538461537 0.3755338080994054 1.0 0.087248322147651 1511.976 -2
90.6322441860465 0.3723529411764706 0.011494252873563218 0.04597701149425287 1.0 0.0 1.0 0.03333333333333333 10712.741 2
159.3041263157895 0.36085526315789473 0.15625 0.03125 0.9090909090909091 0.30151134457776363 1.0 0.102803738317757 29931.067 2
42.33123008849557 0.24335555555555555 0.3157894736842105 0.043859649122807015 1.3333333333333333 0.5163977794943222 1.0 0.05 8893.607 0
166.66673333333333 0.4903666666666667 0.0 0.05263157894736842 0.9 0.31622776601683794 1.0 0.11627906976744186 24933.942 0
2.353087633885102 0.26736784409257003 0.2237354085603113 0.026264591439688716 1.0 0.4815434123430768 1.0 0.06375227686703097 4710.089 0
7.5887 4.81075 0.09090909090909091 0.0 0.9545454545454546 0.4956020087993372 1.0 0.9090909090909091 161.976 1
75.8246338028169 0.2052142857142857 0.4166666666666667 0.0 0.5882352941176471 0.7122871199007256 0.0 0.19101123595505617 10751.236 -2
10.299079787234042 0.2101 0.3544973544973545 0.031746031746031744 1.0196078431372548 0.5095172648078324 1.0 0.2125 4346.707 -2
15.707684210526317 2.051605263157895 0.375 0.0 0.9812583668005355 0.38701722002964395 1.0 0.8861209964412812 2986.19 -2
393.368 3.11025 0.6470588235294118 0.0 1.0092165898617511 0.359922617842521 1.0 0.9273504273504274 12601.747 1
13.719145985401461 0.9154954128440367 0.572463768115942 0.0 0.9366336633663367 0.40062457983718136 1.0 0.8797909407665505 3762.354 0
6.071296296296296 1.1806190476190477 0.6071428571428571 0.0 0.9476439790575916 0.41975205582754704 1.0 0.8721461187214612 334.535 1
2.7009523809523808 0.931125 0.5909090909090909 0.045454545454545456 0.890625 0.473458958967693 1.0 0.8533333333333334 5560.019 1
382.86878125 0.8135600000000001 0.36363636363636365 0.030303030303030304 1.0 0.31943828249996997 1.0 0.75 24503.597 1
2004.345 1.3252857142857144 0.4 0.0 0.9047619047619048 0.4968472027264951 1.0 0.9264705882352942 36081.225999999995 1
33.81294392523364 1.3108823529411764 0.3888888888888889 0.0 0.9477124183006536 0.43098040056386705 1.0 0.8762886597938144 7247.961 1
12.459887788778877 0.9512685950413223 0.5427631578947368 0.006578947368421052 0.9477496120020693 0.41436593209287514 1.0 0.8641037103263299 7552.688 1
528.376625 2.6360833333333336 0.6470588235294118 0.0 0.9112426035502958 0.4202368879378122 1.0 0.9086021505376344 16909.913 1
74.478 2.416375 0.09523809523809523 0.0 0.8695652173913043 0.48261708906584017 1.0 0.9233576642335767 2984.149 0
69.81938095238095 1.14625 0.6818181818181818 0.0 1.0194174757281553 0.4846786387173048 1.0 0.824 2988.571 1
3.5989999999999998 0.40759999999999996 0.25 0.0 1.0 0.3223291856101521 1.0 0.9069767441860465 319.669 1
1.8607755102040817 1.0383846153846155 0.38 0.02 0.9425287356321839 0.4391334606773573 1.0 0.8392282958199357 1373.877 1
11.462102189781021 1.3441559633027522 0.34057971014492755 0.036231884057971016 0.896969696969697 0.4586350349331216 1.0 0.8932714617169374 3146.38 1
110.47279999999999 0.6955 0.3333333333333333 0.0 1.0506329113924051 0.42058366578909673 1.0 0.9294117647058824 11783.159 1
48.221111111111114 1.5072857142857143 0.2 0.1 1.0 0.3535533905932738 1.0 0.8901098901098901 3447.282 1
3.142875 1.8413333333333333 0.6666666666666666 0.0 1.0 0.39735970711951313 1.0 0.8953488372093024 60.596000000000004 1
50.7242972972973 0.7529310344827586 0.4473684210526316 0.0 0.9759036144578314 0.3583982156693132 1.0 0.867595818815331 3763.898 1
176.35936842105264 1.1825333333333334 0.3 0.15 0.9423076923076923 0.4851389507026144 1.0 0.8863636363636364 6725.218 1
96.42081818181818 0.8031176470588235 0.5652173913043478 0.0 0.961352657004831 0.46053378303939435 1.0 0.9 4942.873 1
2.7657857142857143 1.7114090909090909 0.3103448275862069 0.0 0.9530685920577617 0.40997477695810886 1.0 0.9052287581699346 9687.587 2
40.62398765432099 1.335140625 0.2073170731707317 0.024390243902439025 0.9292364990689013 0.4390266263739963 1.0 0.8675282714054927 6581.537 -2
89.22315384615385 2.5786 0.07142857142857142 0.0 0.868421052631579 0.4313624822087443 1.0 0.890625 2375.102 1
506.0955714285714 8.351 0.2 0.0 0.9379310344827586 0.459780890678321 1.0 0.90625 13524.440999999999 2
37.39053333333333 4.225666666666667 0.1875 0.0 0.813953488372093 0.49586896748207254 1.0 0.9148936170212766 2880.584 1
24.365413333333333 1.5301666666666667 0.14473684210526316 0.0 1.0103092783505154 0.28118921398550245 1.0 0.8844984802431611 3659.675 2
29.132961538461537 2.08425 0.14814814814814814 0.037037037037037035 1.0040322580645162 0.3654954362710449 1.0 0.9018181818181819 2514.263 2
3.0116451612903226 1.4275 0.46875 0.0 1.0 0.32163376045133846 1.0 0.9009287925696594 199.489 1
34.496213483146065 1.8339718309859154 0.2111111111111111 0.0 1.0 0.36159453166063854 1.0 0.9018538713195202 6145.85 1
2.5544074074074077 0.9613809523809524 0.6785714285714286 0.0 0.9565217391304348 0.43344764907363875 1.0 0.8313253012048193 142.901 1
1.504 0.5448571428571428 0.6842105263157895 0.0 1.0129870129870129 0.41337845835156706 1.0 0.8020833333333334 240.417 1
6.34859497206704 1.1462552447552448 0.3370473537604457 0.016713091922005572 0.9561243144424132 0.42325406416093386 1.0 0.8590498625834315 4544.847 -2
7.335 7.335 0.0 0.0 0.7613636363636364 0.5465527954394862 1.0 0.9777777777777777 7768.345 2
335.2194 2.54225 0.5 0.0 0.9873417721518988 0.37531767351568923 1.0 0.9294117647058824 3672.321 -2
628.30175 0.6090833333333333 0.23529411764705882 0.0 1.0254237288135593 0.3323540591428246 1.0 0.8740740740740741 20113.627999999997 -2
10.529758064516129 1.313469387755102 0.36507936507936506 0.031746031746031744 0.9856733524355301 0.38999103571401755 1.0 0.8470873786407767 3874.6189999999997 1
3.9732808219178084 1.3264396551724138 0.2789115646258503 0.006802721088435374 0.9096715328467153 0.4682206498461017 1.0 0.8817377312952535 1174.476 -2
1405.5463333333335 1.449142857142857 0.5 0.0 1.0123456790123457 0.2955430239615642 1.0 0.8901098901098901 25736.506999999998 1
3.1159 1.682625 0.09090909090909091 0.0 0.9878048780487805 0.24814882228332705 1.0 0.8817204301075269 65.352 1
19.772401960784315 0.7470864197530864 0.4368932038834951 0.0 0.9581749049429658 0.42556371110226704 1.0 0.8362480127186009 4036.239 1
604.7584999999999 0.3189375 0.47619047619047616 0.0 1.0158730158730158 0.3356295717325918 1.0 0.75 24193.862999999998 1
458.67590909090904 1.60125 0.16666666666666666 0.0 0.9067796610169492 0.47117398633069285 1.0 0.9076923076923077 10094.807 1
5.780341736694678 0.7446035087719298 0.38268156424581007 0.019553072625698324 0.9486324216144096 0.41584496352341466 1.0 0.8072159396876682 4130.254999999999 1
1.54025 0.9664444444444444 0.0 0.0 0.8131868131868132 0.4450240420992983 1.0 0.875 62.751999999999995 1
123.57290476190477 1.394625 0.2727272727272727 0.0 0.9068627450980392 0.4045942573591398 1.0 0.9026548672566371 5196.4580000000005 1
2.9137560975609755 1.122625 0.23809523809523808 0.0 0.8448275862068966 0.476339728811659 1.0 0.8467153284671532 242.671 1
521.7762 1.222409090909091 0.17857142857142858 0.0 0.9676470588235294 0.3376306374375061 1.0 0.8585858585858586 59738.765 1
2.4313243243243243 1.304896551724138 0.15789473684210525 0.0 0.9644128113879004 0.38565402756634 1.0 0.8808777429467085 182.466 1
14.3129 6.106 0.36363636363636365 0.0 0.9108910891089109 0.49191482801375486 1.0 0.9017857142857143 287.094 1
98.21210843373494 0.8239545454545455 0.35714285714285715 0.023809523809523808 0.9570707070707071 0.4277412030188407 1.0 0.825 16300.683 1
44.13698461538462 1.2326923076923078 0.19696969696969696 0.0 0.9886363636363636 0.3786535966855119 1.0 0.8695652173913043 5740.9169999999995 1
73.72160714285714 0.937 0.40350877192982454 0.0 0.9107142857142857 0.44157597196766696 1.0 0.8549618320610687 8257.076000000001 1
2.78115625 1.30528 0.15151515151515152 0.0 0.7296137339055794 0.533230497954213 1.0 0.8759398496240601 183.392 1
4.385 1.0657222222222222 0.08333333333333333 0.0 1.0 0.29649972666444047 1.0 0.7931034482758621 202.68099999999998 1
150.93742857142857 0.6287272727272727 0.3333333333333333 0.0 0.9861111111111112 0.26500361706569775 1.0 0.8275862068965517 4224.673 1
1189.50614 1.80405 0.0784313725490196 0.058823529411764705 0.963254593175853 0.4087386383563783 1.0 0.8819444444444444 118954.84 1
14.559624060150377 1.0398962264150944 0.3582089552238806 0.014925373134328358 0.9331550802139037 0.46086141625681487 1.0 0.8480725623582767 3876.1440000000002 1
515.47145 0.597125 0.19047619047619047 0.0 0.9027777777777778 0.5079570299621317 1.0 0.7741935483870968 20619.394 1
9.64257142857143 1.3783181818181818 0.3793103448275862 0.0 0.9915611814345991 0.40118005152421415 1.0 0.8909774436090225 10081.412 1
351.4177619047619 1.527375 0.09090909090909091 0.0 0.9463414634146341 0.39858669498544047 1.0 0.9030837004405287 34698.172 1
32.69790476190476 2.066358208955224 0.24705882352941178 0.0 0.9915492957746479 0.39736312769730164 1.0 0.8930817610062893 5500.3189999999995 -2
2.754475 0.15678125 0.8536585365853658 0.0 0.9587628865979382 0.5187630675702677 1.0 0.7028985507246377 234.13 1
7.2784523809523805 1.2359090909090908 0.18604651162790697 0.0 0.963855421686747 0.36279489540738924 1.0 0.8853333333333333 5622.505999999999 1
12.413845679012347 0.8831891891891892 0.37538461538461537 0.006153846153846154 0.9438502673796791 0.39193602277279765 1.0 0.8519362186788155 8049.3189999999995 1
91.58827450980392 1.1212 0.23076923076923078 0.019230769230769232 0.9088669950738916 0.4263774448489113 1.0 0.8864628820960698 9343.284 1
4.053153846153846 1.0184 0.14285714285714285 0.0 0.927536231884058 0.26115358224785395 1.0 0.8313253012048193 9015.143 1
7470.4086 4551.0695 0.3333333333333333 0.16666666666666666 1.0253164556962024 0.31924122959676804 1.0 0.9294117647058824 74706.97 1
68.29683333333332 2.3452916666666668 0.2903225806451613 0.03225806451612903 0.9915254237288136 0.39463317592979624 1.0 0.9194805194805195 4118.148 1
27.24734375 1.2240098039215686 0.3953488372093023 0.0 0.9336550060313631 0.44957175722390263 1.0 0.8653444676409185 6985.722 1
411.3968636363636 1.1098285714285714 0.1111111111111111 0.022222222222222223 1.0040650406504066 0.3885920948251657 1.0 0.845360824742268 36210.353 1
17.695562499999998 1.0418876404494382 0.3008849557522124 0.02654867256637168 0.974910394265233 0.3828663170507178 1.0 0.8315946348733234 3967.182 1
66.46474193548387 1.238875 0.4375 0.03125 0.8682634730538922 0.5095580201968185 1.0 0.8391959798994975 4126.739 1
26.948315789473686 0.9627333333333333 0.45 0.05 0.9124087591240876 0.5212323146209055 1.0 0.8726114649681529 1030.068 1
14.875947368421052 1.0473833333333333 0.18181818181818182 0.0 0.9804469273743017 0.3383231366526004 1.0 0.8229885057471265 9056.561 1
15.259613333333332 1.2580444444444445 0.2168141592920354 0.008849557522123894 0.9589525831564049 0.3741082407477499 1.0 0.862111043319097 6871.58 1
25.22855789473684 0.9016447368421052 0.2617801047120419 0.020942408376963352 0.9525939177101967 0.39523513579661046 1.0 0.854087089381207 9588.523000000001 1
6.480583333333334 3.485333333333333 0.38461538461538464 0.0 0.9656862745098039 0.43696109058762905 1.0 0.9400921658986175 162.103 1
2.385764705882353 1.1250315789473684 0.375 0.0 0.9962640099626401 0.3686410848153327 1.0 0.8699891657638137 637.558 1
1224.4368125 0.30675 0.7647058823529411 0.0 1.0 0.41702882811414954 1.0 0.8045977011494253 39187.937000000005 1
19.4548125 0.551 0.4329896907216495 0.020618556701030927 0.9573863636363636 0.38623316199681174 1.0 0.7839643652561247 5494.399 1
13.892785714285715 2.6456363636363633 0.6 0.0 0.9915254237288136 0.3332246672071097 1.0 0.8872180451127819 1465.585 1
91.57326086956522 0.7452222222222222 0.5531914893617021 0.0 1.0 0.3779644730092272 1.0 0.8272058823529411 8428.850999999999 1
172.07888235294118 1.2622307692307693 0.5555555555555556 0.0 1.0089285714285714 0.36749788782345066 1.0 0.8615384615384616 5856.733 1
11.221223333333333 1.202375 0.40863787375415284 0.04983388704318937 0.9368671828469327 0.4279478997213431 1.0 0.847979797979798 6735.216 1
59.61067272727273 0.9614090909090909 0.19642857142857142 0.017857142857142856 0.9049295774647887 0.4221478756850541 1.0 0.8352941176470589 6575.013 1
30.415294117647058 1.1678088235294117 0.3953488372093023 0.011627906976744186 0.9939024390243902 0.41110280208733607 1.0 0.8512110726643599 5723.724 1
3257.67825 1.5305 0.3333333333333333 0.0 0.9572649572649573 0.35702705376972416 1.0 0.9285714285714286 52188.880000000005 1
1354.2818 4.331583333333334 0.125 0.0625 0.7955801104972375 0.5240677653827995 1.0 0.9187817258883249 40630.86 1
83.34506060606061 0.48207692307692307 0.6470588235294118 0.0 1.009433962264151 0.3235306129290491 1.0 0.7571428571428571 5499.679 2
278.81964705882353 2.8718461538461537 0.4444444444444444 0.0 0.8461538461538461 0.551102102927814 1.0 0.8666666666666667 9526.315 1
77.23296969696969 10.607307692307693 0.2647058823529412 0.029411764705882353 0.9683794466403162 0.4618245199152278 1.0 0.8815331010452961 5098.621 1
17.10032110091743 1.8831724137931034 0.24545454545454545 0.00909090909090909 0.908150064683053 0.46715800240719274 1.0 0.8754246885617214 3730.194 1
51.12892 0.50595 0.5526315789473685 0.0 0.7552447552447552 0.5646521452609868 1.0 0.7900552486187845 7671.852 1
10.95188775510204 1.4069787234042552 0.2983050847457627 0.013559322033898305 0.91478093403948 0.44652168080421534 1.0 0.8756323777403036 6442.976000000001 1
374.2768823529412 1.0052307692307692 0.5555555555555556 0.0 0.8018867924528302 0.5592479869177165 1.0 0.8548387096774194 12729.023000000001 1
217.68735714285714 34.68881818181818 0.3333333333333333 0.06666666666666667 0.983957219251337 0.4334896636398018 1.0 0.9257425742574258 6201.623 1
9.60703409090909 3.3937285714285714 0.30337078651685395 0.0449438202247191 0.884020618556701 0.4630293754158405 1.0 0.9289704708699122 1692.4589999999998 1
333.8471666666667 3.012 0.0 0.0 0.9259259259259259 0.44095855184409843 1.0 0.9204545454545454 4011.688 1
14.270494845360824 1.0408181818181819 0.3469387755102041 0.04081632653061224 0.8548057259713702 0.5292494038188006 1.0 0.8330494037478705 2772.152 1
415.0861818181818 1.49625 0.25 0.0 1.0 0.3380617018914066 1.0 0.8554216867469879 9132.338 1
41.36344444444445 1.4025714285714286 0.4 0.1 1.0095238095238095 0.3250809986413474 1.0 0.9130434782608695 9186.988000000001 1
744.1891428571429 5.5334 0.25 0.25 0.9130434782608695 0.4605819041132206 1.0 0.92 10427.106 1
763.1263333333334 18.355444444444444 0.23076923076923078 0.0 0.9882352941176471 0.3271128262854396 1.0 0.8673469387755102 18318.34 1
15.577421800947867 1.469702380952381 0.29245283018867924 0.0330188679245283 0.9151967435549525 0.4363021127236503 1.0 0.8742586002372479 6625.655 1
9.455559523809523 0.9310149253731343 0.4319526627218935 0.029585798816568046 0.9064143007360673 0.4336756886327191 1.0 0.8491071428571428 3190.6270000000004 1
625.9418571428571 1.268375 0.2727272727272727 0.045454545454545456 1.0188679245283019 0.4360238542070332 1.0 0.828125 26291.203999999998 1
368.354125 0.8684166666666666 0.058823529411764705 0.11764705882352941 1.0 0.17407765595569785 1.0 0.7976190476190477 12044.854 1
5.8415 5.8415 0.2 0.2 0.9102564102564102 0.514362483632666 1.0 0.9397590361445783 5636.058 1
1580.656 2.041333333333333 0.3076923076923077 0.07692307692307693 1.0212765957446808 0.3585731401899838 1.0 0.8785046728971962 37938.191999999995 1
146.75083333333333 4.6795 0.2857142857142857 0.0 0.8932038834951457 0.3938901349566185 1.0 0.9363636363636364 6569.976 1
86.03826086956522 1.0197222222222222 0.2916666666666667 0.041666666666666664 1.0 0.3178208630818641 1.0 0.8064516129032258 3960.6760000000004 1
30.940175 0.8474583333333333 0.256198347107438 0.049586776859504134 0.8981937602627258 0.4510368412137242 1.0 0.8342465753424657 7434.866 1
20.708296296296297 0.8498125 0.21951219512195122 0.0 1.0023419203747073 0.2866254122499909 1.0 0.8388998035363457 4693.126 1
17.66086111111111 0.9636428571428571 0.2972972972972973 0.0 0.7529880478087649 0.588847209262788 1.0 0.8715277777777778 1278.225 1
6.883503289473684 0.7632757201646091 0.3114754098360656 0.009836065573770493 0.9796747967479674 0.36361339764154144 1.0 0.8013029315960912 4767.491 1
142.5873076923077 0.831 0.0 0.0 0.9438202247191011 0.3801779057768323 1.0 0.8640776699029126 4052.3540000000003 1
3005.6620000000003 1.8465714285714285 0.1 0.0 0.875 0.5017574746630903 1.0 0.8780487804878049 54105.978 1
74.57215873015873 0.9075 0.296875 0.078125 0.8434504792332268 0.5167981847159789 1.0 0.830238726790451 9398.587 1
19.47975 1.6084642857142857 0.21621621621621623 0.0 0.9861111111111112 0.3670012567834341 1.0 0.8537549407114624 1489.686 1
6.6206700000000005 0.817515 0.32934131736526945 0.003992015968063872 0.970873786407767 0.3915224373457526 1.0 0.8254355400696864 6622.558 1
46.86473076923077 1.096983870967742 0.1518987341772152 0.012658227848101266 0.9974811083123426 0.3295140327031058 1.0 0.8340336134453782 7316.103 1
50.11269230769231 1.5557 0.14285714285714285 0.0 1.0136986301369864 0.31149954008043035 1.0 0.8390804597701149 1307.801 1
87.77392592592592 1.8148571428571427 0.21428571428571427 0.0 0.9330357142857143 0.4234999151014877 1.0 0.8888888888888888 4767.323 1
3.386767676767677 1.019607594936709 0.43 0.01 0.8946280991735537 0.4892763766937683 1.0 0.8287671232876712 672.52 1
27.567354166666664 1.2468157894736842 0.20408163265306123 0.02040816326530612 0.9507575757575758 0.3917390712481839 1.0 0.8434504792332268 11325.875 1
2433.9620714285716 3.5256363636363637 0.2 0.0 0.848314606741573 0.4923395914861608 1.0 0.9222797927461139 68153.61499999999 1
10.671817391304348 1.2866195652173913 0.43103448275862066 0.02586206896551724 0.8302139037433155 0.5269664717512249 1.0 0.8657407407407407 2458.2529999999997 1
94.1432105263158 3.0241000000000002 0.23076923076923078 0.0 0.7543103448275862 0.5543831237130954 1.0 0.8560885608856088 7159.028 1
111.0458695652174 2.482666666666667 0.20833333333333334 0.0 0.8796296296296297 0.476764143192712 1.0 0.9 5109.463 1
674.6282307692308 1.70995 0.2222222222222222 0.1111111111111111 1.0 0.37647348308289513 1.0 0.8258064516129032 36658.833 1
144.47275000000002 0.87572 0.3333333333333333 0.09090909090909091 1.0053475935828877 0.3359679676744761 1.0 0.85 9250.048999999999 1
11.730320754716981 1.7531666666666668 0.2222222222222222 0.018518518518518517 0.9661971830985916 0.3742954443391739 1.0 0.8679706601466992 1247.175 1
5.163752808988764 1.477887323943662 0.13333333333333333 0.022222222222222223 0.9634551495016611 0.35372045254806733 1.0 0.869942196531792 920.5509999999999 1
286.9665 286.9665 0.0 0.0 0.9720670391061452 0.4672435016803681 1.0 0.9835164835164835 1227.722 1
2.5160416666666667 0.8671578947368421 0.28 0.04 0.991869918699187 0.350548398458 1.0 0.831081081081081 121.791 1
2.759653333333333 0.8227 0.21052631578947367 0.07894736842105263 0.8193384223918575 0.4849074916767522 1.0 0.837953091684435 416.682 1
15.72714 1.4688 0.27450980392156865 0.0196078431372549 0.9149560117302052 0.5102874747462164 1.0 0.8698979591836735 1575.186 1
68.92518181818183 0.23616455696202532 0.1 0.02 2.0 0.0 2.0 0.0196078431372549 8435.797999999999 1
217.02247058823528 0.42023076923076924 0.4444444444444444 0.0 1.0 0.3863337046431279 1.0 0.7906976744186046 7382.517 1
26.484485294117647 0.9008981481481482 0.32116788321167883 0.0 0.9053435114503817 0.44948372986090296 1.0 0.827020202020202 7207.498 1
9.419538461538462 0.9174634146341464 0.1320754716981132 0.0 0.8579234972677595 0.45212442783031126 1.0 0.8735083532219571 983.2449999999999 1
19.88882967032967 0.9818 0.1092896174863388 0.0273224043715847 0.9350961538461539 0.4169905248841893 1.0 0.819704433497537 7243.4259999999995 1
4.829021097046414 0.970021164021164 0.18907563025210083 0.037815126050420166 0.8083875632682574 0.5091227836932919 1.0 0.8531770512029612 2302.1890000000003 1
5.567565671641791 1.0206100746268656 0.21609538002980627 0.01639344262295082 0.8905547226386806 0.4611650544950669 1.0 0.8325012481278082 7462.985 1
4539.0106000000005 2.56975 0.36363636363636365 0.18181818181818182 0.9716981132075472 0.4013678320043033 1.0 0.905982905982906 90791.39199999999 1
303.0865925925926 0.6394285714285715 0.2857142857142857 0.0 1.0 0.3086066999241838 1.0 0.7910447761194029 16367.771 1
76.62155555555556 0.6920714285714286 0.02702702702702703 0.0 1.0 0.20483662259967567 1.0 0.7955801104972375 5526.18 1
2807.851285714286 15.4878 0.5 0.0 0.6823529411764706 0.6212844741011186 1.0 0.9139784946236559 39317.240999999995 1
149.20903773584905 1.7704047619047618 0.14814814814814814 0.037037037037037035 0.8579387186629527 0.5171766786162141 1.0 0.8692493946731235 15823.382 1
5.152470459518599 0.9753397260273973 0.26419213973799127 0.017467248908296942 0.9061433447098977 0.43401643645017707 1.0 0.8365453247680228 4726.387000000001 1
24.50253086419753 1.301359375 0.14634146341463414 0.06097560975609756 0.9369565217391305 0.4205291280765936 1.0 0.8487084870848709 3968.943 1
100.48036363636363 2.09875 0.08333333333333333 0.0 0.9518072289156626 0.37946092886155136 1.0 0.8736842105263158 2214.816 1
117.34088679245284 1.3977857142857142 0.2777777777777778 0.0 0.9591836734693877 1.256539862692717 1.0 0.8789237668161435 12445.812 1
2346.3275000000003 6.2410000000000005 0.0 0.0 1.0116279069767442 0.35954828020764273 1.0 0.9247311827956989 28156.342 1
24.05369798657718 0.7639327731092437 0.36666666666666664 0.0 0.8919270833333334 0.45391236815243946 1.0 0.8366013071895425 7170.14 1
29.766020833333332 1.2641052631578948 0.12244897959183673 0.061224489795918366 0.9783393501805054 0.3289753311149407 1.0 0.8496932515337423 2861.465 1
66.19442857142857 1.9521818181818182 0.2 0.06666666666666667 0.961038961038961 0.44252738367717936 1.0 0.8369565217391305 2299.532 1
27.796000000000003 2.891 0.25 0.125 1.0 0.34710506725031165 1.0 0.9130434782608695 392.97 1
233.47801098901098 1.628763888888889 0.17391304347826086 0.021739130434782608 0.9269662921348315 0.39725189462002575 1.0 0.8855721393034826 42500.953 1
2483.6277 1.09825 0.0 0.09090909090909091 0.8888888888888888 0.3955938860646178 1.0 0.8674698795180723 49680.734 1
239.21074509803924 1.0158 0.3076923076923077 0.038461538461538464 0.9107806691449815 0.46464051286138175 1.0 0.838006230529595 24452.424 1
44.05340540540541 1.1816610169491526 0.17333333333333334 0.013333333333333334 0.9151376146788991 0.4791277797148972 1.0 0.8532289628180039 6520.206 1
2147.637666666667 2.9885555555555556 0.3076923076923077 0.0 0.9619047619047619 0.4142604514212304 1.0 0.8898305084745762 51127.259 1
388.8927948717949 1.4289032258064516 0.2 0.05 0.9400921658986175 0.3862281886247335 1.0 0.8443579766536965 30338.553 1
12.427516666666667 1.5066458333333332 0.13114754098360656 0.0 0.9042056074766355 0.47186021306215115 1.0 0.8752556237218814 5660.739 1
23.815995433789954 0.7594971428571429 0.2818181818181818 0.004545454545454545 0.9655963302752294 0.3569353704491574 1.0 0.7985347985347986 10336.593 1
352.7424705882353 1.1597692307692309 0.0 0.0 0.9529411764705882 0.40549447629791857 1.0 0.8252427184466019 8459.011 1
46.02808695652174 1.076931506849315 0.22580645161290322 0.043010752688172046 0.9867330016583747 0.335828088470019 1.0 0.8663793103448276 8477.382 1
723.7954102564103 0.8035483870967742 0.275 0.0 0.9226519337016574 0.46497985064960495 1.0 0.8190045248868778 56465.852 1
32.38067857142857 1.0745454545454545 0.06896551724137931 0.0 1.0 0.28988551782622424 1.0 0.8053691275167785 1294.296 1
1.2996031746031746 0.329 0.5905511811023622 0.023622047244094488 0.9414893617021277 0.37492315997618075 1.0 0.7475149105367793 333.952 1
2.0003831417624522 0.45505769230769233 0.5381679389312977 0.007633587786259542 0.9288135593220339 0.41263315996513733 1.0 0.7715780296425457 1044.725 1
290.8945217391304 1.1746666666666667 0.16666666666666666 0.041666666666666664 0.9915254237288136 0.38108622780589063 1.0 0.8309859154929577 13386.672999999999 1
30.645125 0.87628 0.36363636363636365 0.0 0.9940476190476191 0.41667379520563036 1.0 0.835820895522388 1963.577 1
17.698780821917808 0.8842241379310345 0.25675675675675674 0.04054054054054054 1.018450184501845 0.35956634929629067 1.0 0.7855072463768116 2586.01 1
105.297625 1.793 0.058823529411764705 0.0 1.0 0.3563483225498992 1.0 0.8819444444444444 3486.118 1
758.0017727272727 1.043 0.391304347826087 0.0 0.9883720930232558 0.3251854148567671 1.0 0.7889908256880734 33354.021 1
51.68822641509434 0.9809761904761904 0.12962962962962962 0.037037037037037035 0.9253112033195021 0.4409062715010557 1.0 0.8169491525423729 5514.406 1
229.15530769230767 1.4507 0.07142857142857142 0.0 1.0 0.29981267559834457 1.0 0.8653846153846154 5959.79 1
861.2019285714287 1.8063636363636364 0.2 0.0 1.125 1.1624395996286474 1.0 0.8421052631578947 24114.790999999997 0
177.91454166666668 0.7942631578947369 0.24489795918367346 0.02040816326530612 1.0 0.36055512754639896 1.0 0.804 17082.768 1
42.674179104477616 1.518754716981132 0.25 0.014705882352941176 0.9774774774774775 0.3611330763228287 1.0 0.8671875 5719.474 1
30.12356756756757 1.2275681818181818 0.20535714285714285 0.017857142857142856 0.9686346863468634 0.40892716059994594 1.0 0.8287461773700305 6693.243 1
21.512 0.46420833333333333 0.375 0.03125 1.0 0.4309458036856673 1.0 0.815028901734104 1406.407 1
857.9146666666666 2.6094166666666667 0.4375 0.0625 1.011111111111111 0.46190724406783995 1.0 0.8490566037735849 26503.355 1
79.883 1.3160571428571428 0.4444444444444444 0.0 0.9473684210526315 0.44618904983450647 1.0 0.8777173913043478 7037.734 1
290.60650000000004 0.9775294117647059 0.17391304347826086 0.0 1.0 0.37230882528639936 1.0 0.816 12788.155999999999 1
47.85017391304348 1.0673333333333332 0.08333333333333333 0.041666666666666664 0.8439716312056738 0.451721911029063 1.0 0.8545454545454545 2219.825 1
30.290395061728393 0.786109375 0.2682926829268293 0.06097560975609756 0.9707792207792207 0.4222516539234449 1.0 0.7897435897435897 4907.326999999999 1
78.14479310344828 0.8464782608695652 0.23333333333333334 0.0 1.0224719101123596 0.336341550223188 1.0 0.7478991596638656 4534.5599999999995 1
31.574433962264152 1.3923095238095238 0.2336448598130841 0.009345794392523364 0.8496350364963504 0.5007485752478528 1.0 0.86489898989899 6693.369 1
409.4722 2.05725 0.14285714285714285 0.09523809523809523 1.0 0.2988071523335984 1.0 0.8432835820895522 16379.365000000002 1
1.70471875 0.5906274509803922 0.5076923076923077 0.03076923076923077 0.9754098360655737 0.3385545346129171 1.0 0.7896440129449838 226.34300000000002 1
2.3478205128205127 1.1444838709677418 0.2 0.0 0.8934426229508197 0.4767409430030933 1.0 0.8591549295774648 185.41 1
742.7058695652174 0.9284444444444444 0.20833333333333334 0.041666666666666664 1.0204081632653061 0.3511275456792531 1.0 0.8032786885245902 34169.725000000006 1
15.988811881188118 1.0653625 0.35294117647058826 0.0196078431372549 0.9847161572052402 0.42589335404097683 1.0 0.8178571428571428 3840.602 1
1155.473 3.51975 0.2727272727272727 0.09090909090909091 1.0133333333333334 0.34848449239735396 1.0 0.872093023255814 23111.233 1
772.6770259740259 0.3978688524590164 0.5128205128205128 0.02564102564102564 0.92018779342723 0.4935584712749624 1.0 0.7319587628865979 118994.687 1
55.45794117647059 0.9889629629629629 0.3142857142857143 0.02857142857142857 0.9008620689655172 0.4399912808374921 1.0 0.8689138576779026 3785.0190000000002 1
1.718825 0.79459375 0.12195121951219512 0.0 0.9774011299435028 0.31899704793246136 1.0 0.8119266055045872 144.082 1
30.193278195488723 0.7097075471698113 0.3880597014925373 0.007462686567164179 0.9416498993963782 0.4195520054140674 1.0 0.7876386687797148 8032.386 1
15.930779220779222 0.526311475409836 0.5384615384615384 0.01282051282051282 1.0112359550561798 0.3520418001861622 1.0 0.7739130434782608 2454.5510000000004 1
20.4518125 1.3375000000000001 0.35294117647058826 0.0 0.9534883720930233 0.6117857515058307 1.0 0.8349514563106796 656.547 1
171.77820779220778 1.0437377049180327 0.23076923076923078 0.01282051282051282 0.9547038327526133 0.41142405694806944 1.0 0.7863013698630137 26464.04 1
493.14199999999994 0.7395 0.0 0.0 0.7096774193548387 0.563001373874498 1.0 0.9587628865979382 2988.857 1
2.7378260869565216 0.27316666666666667 0.75 0.0 0.738255033557047 0.5249964369809907 1.0 0.861271676300578 605.8330000000001 1
330.06332432432436 1.0807586206896551 0.15789473684210525 0.02631578947368421 0.9362745098039216 0.398096261766879 1.0 0.8429752066115702 24427.007 1
748.4848947368421 0.8310666666666667 0.1 0.0 1.027027027027027 0.2853967664988983 1.0 0.7872340425531915 28447.421000000002 1
777.3304285714286 1.0994545454545455 0.2 0.0 1.0116279069767442 0.35954828020764273 1.0 0.8514851485148515 21771.381999999998 1
5.244857142857143 1.1331875 0.045454545454545456 0.0 1.0 0.2917299829957891 1.0 0.811965811965812 225.13400000000001 1
4485.2863333333335 2.070222222222222 0.07692307692307693 0.0 1.0 0.38851434494290565 1.0 0.8916666666666667 107652.807 1
9.014875 4.156 0.1111111111111111 0.0 0.9504950495049505 0.47699554764719504 1.0 0.9181818181818182 151.676 1
33.692325000000004 0.7848437500000001 0.25925925925925924 0.012345679012345678 0.9844155844155844 0.41428431482074424 1.0 0.8261802575107297 5439.919 1
0.9091702127659574 0.5201891891891892 0.20833333333333334 0.0 0.96875 0.39559583288013284 1.0 0.7272727272727273 85.773 1
443.84908333333334 0.9822222222222222 0.07692307692307693 0.07692307692307693 0.978021978021978 0.39378567148533355 1.0 0.875 10668.544 1
25.23981818181818 0.366875 0.4166666666666667 0.0 0.9459459459459459 0.4345330320496287 1.0 0.8604651162790697 582.722 1
57.55842857142857 0.44657142857142856 0.5 0.0 0.781021897810219 0.5384526915036718 1.0 0.791907514450867 4028.973 1
3.854015706806283 1.3404013157894736 0.15625 0.052083333333333336 0.8863849765258216 0.47617344386920984 1.0 0.847255369928401 1476.37 1
13.665686390532544 0.7650296296296296 0.31176470588235294 0.029411764705882353 1.0076190476190476 0.3807624026477452 1.0 0.7553956834532374 4618.066000000001 1
41.31664285714286 1.059909090909091 0.3793103448275862 0.034482758620689655 0.930379746835443 0.5426649105961174 1.0 0.8449197860962567 2316.9139999999998 1
13.963911111111111 1.18025 0.2608695652173913 0.043478260869565216 0.9581881533101045 0.38091836872929746 1.0 0.8618618618618619 1256.9679999999998 1
44.65588888888889 1.245142857142857 0.4 0.0 0.5568181818181818 0.5644233054291776 1.0 0.8979591836734694 818.7750000000001 1
80.0155925925926 0.6517142857142857 0.21428571428571427 0.0 1.0305343511450382 0.30227168873535265 1.0 0.8238993710691824 4335.121999999999 1
2.517121917808219 0.6791147260273973 0.3857729138166895 0.012311901504787962 0.9429059829059829 0.4342805815491918 1.0 0.800054704595186 3685.886 1
105.71084615384616 1.0089677419354839 0.05 0.0 1.0049261083743843 0.33739739101465077 1.0 0.8353909465020576 8250.318 1
1.0655605095541403 0.144688 0.006329113924050633 0.012658227848101266 0.2385621070861815 0.2205361002498081 0.0 0.036585365853658534 303.154 0
1.3706485507246378 0.24285454545454546 0.18772563176895307 0.0036101083032490976 0.2802413438375179 0.12380005475984533 0.364705890417099 0.04482758620689655 658.642 0
3.4726158536585365 0.2213587786259542 0.1393939393939394 0.012121212121212121 0.3686274786790212 0.08162141046639687 0.431372582912445 0.03508771929824561 2477.36 2
250.11521582733812 0.2652162162162162 0.04285714285714286 0.014285714285714285 0.312156879901886 0.07474679102313789 0.34901961684227006 0.034482758620689655 69519.037 2
50.94078813559322 0.27514893617021274 0.226890756302521 0.058823529411764705 0.22941177586714417 0.18834556494410848 0.29803922772407504 0.048 6052.762 2
5.421313888888889 0.21638888888888888 0.26869806094182824 0.01662049861495845 0.36701271200881286 0.17883525336271414 0.0 0.04497354497354497 2082.73 2
7.466242339832869 0.2179965156794425 0.11388888888888889 0.019444444444444445 0.23981901774039638 0.13445173859584802 0.0 0.03485254691689008 5346.4439999999995 0
5.516804020100502 0.2270062893081761 0.145 0.03 0.31738563776016226 0.18534468537428359 0.172549024224281 0.06976744186046512 2192.661 0
95.47399038461539 0.3694578313253012 0.14285714285714285 0.08571428571428572 0.3043137401342392 0.12315849285879862 0.26274511218071 0.045454545454545456 19825.063000000002 0
37.90305479452055 0.32017241379310346 0.0 0.0945945945945946 0.4540305286645888 0.2307217466466397 0.36862745881080605 0.10843373493975904 4666.928 0
118.8276186440678 0.3732659574468085 0.12605042016806722 0.025210084033613446 0.3717647314071654 0.0840351185563632 0.43529415130615207 0.04032258064516129 28035.474000000002 0
21.20193548387097 0.2591612903225807 0.25 0.01282051282051282 0.3011764943599702 0.18033675076634934 0.21960785984993 0.031055900621118012 6558.582 0
133.537 0.2696238532110092 0.09420289855072464 0.050724637681159424 0.3928104887406032 0.1522340069318503 0.650980442762375 0.041666666666666664 36584.594 0
5.370667673716012 0.22266918714555767 0.1297134238310709 0.015082956259426848 0.37184876416410717 0.1376632815659979 0.423529446125031 0.04052098408104197 7010.942 0
470.21213253012047 0.6480151515151515 0.17857142857142858 0.023809523809523808 0.34196080565452563 0.08584564742925757 0.43529415130615207 0.056179775280898875 73131.824 0
18.517345029239767 0.49938235294117644 0.06395348837209303 0.09883720930232558 0.2796568786725402 0.08800078345004193 0.43137256801128404 0.0851063829787234 6325.118 0
26.59166666666667 0.21022784810126582 0.37 0.0 0.3882353231310843 0.057635062854660385 0.42745101451873796 0.038461538461538464 4650.75 0
127.83341666666666 0.23228125 0.36363636363636365 0.024793388429752067 0.18627452198415986 0.18026709000048377 0.0 0.11678832116788321 30681.878 0
5.721421238938053 0.24505530973451328 0.2314487632508834 0.028268551236749116 0.26774108675244734 0.22262485287632827 0.0 0.11424100156494522 6445.365 0
2.0504245283018867 0.541 0.14018691588785046 0.0 0.34745099693536774 0.10719273370290161 0.211764723062515 0.08547008547008547 417.78999999999996 0
68.21250602409638 0.2897121212121212 0.023809523809523808 0.05952380952380952 0.3670588433742522 0.24257684863461496 0.20000001788139302 0.056179775280898875 11187.177 2
9.305886075949367 0.2430793650793651 0.15 0.0375 0.37254903713862103 0.10375496408713335 0.294117659330368 0.03614457831325301 735.592 0
60.043987179487175 0.4656774193548387 0.2911392405063291 0.0 0.4196078717708588 0.05098040000750522 0.45490199327468894 0.05952380952380952 9320.953 0
5.02294696969697 0.19458095238095238 0.08270676691729323 0.022556390977443608 0.20490197092294699 0.07917134868769034 0.223529428243637 0.029197080291970802 1293.845 0
54.10940229885057 0.23520289855072463 0.13636363636363635 0.0 0.0933333396911621 0.15991369611767278 0.0 0.10204081632653061 4730.826 0
105.1454512195122 0.19801538461538462 0.3614457831325301 0.0 0.39368194176091087 0.3160214315289325 0.0 0.1782178217821782 17160.129999999997 2
2.2447884615384615 0.27940963855421685 0.14285714285714285 0.009523809523809525 0.24705883928320618 0.25449225290555 0.0 0.1732283464566929 461.273 0
1.539 0.23341333333333333 0.13227513227513227 0.026455026455026454 0.2988235463698707 0.1594823376513057 0.18823531270027202 0.07352941176470588 519.913 0
39.96695054945055 0.19986206896551725 0.2568306010928962 0.00546448087431694 0.34411766752600675 0.1733604038176377 0.490196108818054 0.0213903743315508 14525.718 0
1.9279396226415095 0.20620754716981132 0.16541353383458646 0.02631578947368421 0.17273577125299547 0.22570486208427995 0.0 0.07317073170731707 982.971 0
306.1056025641025 0.40233870967741936 0.11392405063291139 0.0 0.1529411872227986 0.17971664262181355 0.0 0.13186813186813187 47744.221000000005 1
17.617103448275863 0.1977391304347826 0.056818181818181816 0.0 0.15151516144925892 0.18767296908637374 0.0 0.1111111111111111 3055.1670000000004 0
55.00904448398577 0.19802004454342984 0.2468916518650089 0.003552397868561279 0.21469348669052124 0.23696947397539384 0.0 0.12305295950155763 61550.085 0
2.978642727272727 0.22114318181818182 0.1880108991825613 0.021798365122615803 0.23703705160706134 0.18667138400447764 0.0 0.046753246753246755 6550.215 0
87.40939344262294 0.19411340206185568 0.04065040650406504 0.016260162601626018 0.38431375225385034 0.13281329681787613 0.42745101451873796 0.023809523809523808 10674.137 0
219.68915789473687 0.3138666666666667 0.23376623376623376 0.025974025974025976 0.2892156988382338 0.06840299020722608 0.266666680574417 0.04938271604938271 33372.458 0
417.6222 0.3177884615384615 0.045454545454545456 0.015151515151515152 0.14241486944650347 0.293172217288207 0.0 0.2235294117647059 27183.904 0
12.957895522388059 0.22128971962616822 0.2074074074074074 0.014814814814814815 0.5450980775058267 0.13421470169189667 0.611764743924141 0.02877697841726619 3292.5299999999997 0
246.31479591836734 0.2921025641025641 0.09644670050761421 0.005076142131979695 0.381699373324712 0.12624366194340125 0.41176474094390897 0.015 76819.50899999999 1
2.30515625 0.207046875 0.36645962732919257 0.0 0.2915032853682835 0.2807653434268471 0.0 0.03592814371257485 686.4780000000001 2
4.208755485893417 0.2071529411764706 0.2125 0.03125 0.32549021641413367 0.18176164872875225 0.490196108818054 0.02735562310030395 2671.081 0
215.20667415730335 0.22656338028169015 0.24444444444444444 0.0 0.33856210609277104 0.18636050037581062 0.5215686559677121 0.03225806451612903 24355.206 0
55.638201834862386 0.2581264367816092 0.05454545454545454 0.03636363636363636 0.323529422283173 0.06932419010193136 0.372549027204514 0.017857142857142856 6162.376 0
1.8408375 0.421046875 0.1728395061728395 0.0 0.34313727915287023 0.23021758289231428 0.43921571969986 0.047058823529411764 165.005 0
48.447389312977094 0.3321923076923077 0.20454545454545456 0.007575757575757576 0.2901960965245964 0.12615371464663017 0.19607844948768602 0.05714285714285714 12657.918000000001 0
195.4073 0.4775 0.15492957746478872 0.0 0.2964052458604176 0.13112845313606278 0.43529415130615207 0.14457831325301204 13810.343 0
133.4223023255814 0.3135441176470588 0.14942528735632185 0.034482758620689655 0.20130720362067217 0.245565110128658 0.0 0.12121212121212122 22944.311 0
91.57788489208633 0.3118828828828829 0.11428571428571428 0.04285714285714286 0.35921570956706994 0.24824801160423984 0.45882354676723497 0.034482758620689655 22762.648999999998 0
17.184942857142858 0.2725714285714286 0.09859154929577464 0.0 0.14656863734126094 0.28878611963972234 0.0 0.1839080459770115 2408.912 0
2.2077023593466425 0.3149636363636364 0.10144927536231885 0.050724637681159424 0.29388698146623726 0.1259607312451141 0.278431385755539 0.05802047781569966 2203.309 0
119.50253260869565 0.223265306122449 0.2648648648648649 0.02702702702702703 0.33542485634485875 0.22707333465996835 0.0 0.075 29292.61 0
0.46764634146341466 0.2506 0.3253012048192771 0.0 0.250980402032534 0.06837488985981469 0.28235295414924605 0.03488372093023256 64.195 0
415.6118681318681 0.3526944444444444 0.09782608695652174 0.07608695652173914 0.36143793165683735 0.24875753340960613 0.270588248968124 0.061224489795918366 75613.902 0
14.383216216216216 0.3709886363636364 0.05357142857142857 0.017857142857142856 0.27372550368309 0.06096746236886371 0.270588248968124 0.042735042735042736 1886.0120000000002 0
332.38623076923074 0.23240322580645162 0.17721518987341772 0.012658227848101266 0.2058823630213735 0.06788581898242833 0.294117659330368 0.04819277108433735 47584.026 0
8.8349125 0.245565625 0.2169576059850374 0.022443890274314215 0.3249673386414846 0.1725227141351272 0.18823531270027202 0.036057692307692304 5899.596 0
1.0877295081967213 0.30167692307692306 0.15510204081632653 0.00816326530612245 0.2702317427505147 0.15582455805914636 0.0 0.04296875 463.395 0
83.65833783783783 0.227045197740113 0.15246636771300448 0.0 0.335444966187844 0.18654343771520665 0.247058838605881 0.05508474576271186 29134.260000000002 0
0.6669101123595506 0.2631267605633803 0.16806722689075632 0.01680672268907563 0.23745775479694892 0.21956680300490652 0.0 0.07512953367875648 469.927 0
15.968960396039604 0.22773291925465838 0.19704433497536947 0.04433497536945813 0.40980393439531326 0.1525720415819584 0.627451002597809 0.01932367149758454 3323.911 0
4.925674858223062 0.20059810874704492 0.1641509433962264 0.020754716981132074 0.28272644040130435 0.17740453312097398 0.0 0.038112522686025406 4363.914 0
192.77360975609756 0.3070625 0.21428571428571427 0.0 0.10457517041100398 0.19697479147587577 0.0 0.5172413793103449 14297.717 0
12.82970238095238 0.3256467661691542 0.14624505928853754 0.007905138339920948 0.14727669899110443 0.24558766494235496 0.0 0.09642857142857143 4740.204 0
6.05136 0.20589285714285716 0.20454545454545456 0.017045454545454544 0.19738563150167485 0.1951770236533942 0.0 0.03296703296703297 1252.414 0
750.9314444444444 0.22626315789473683 0.1917808219178082 0.0 0.3102941289544105 0.10892883647643685 0.32549020648002597 0.09876543209876543 101796.084 0
205.65387777777778 0.26793055555555556 0.26373626373626374 0.0 0.4496732354164125 0.13692210759842918 0.431372582912445 0.061855670103092786 37930.242 1
2.3712450980392155 0.31637037037037036 0.06796116504854369 0.0 0.3152941346168516 0.0552927361774843 0.278431385755539 0.046296296296296294 380.5 0
26.654397435897433 0.2363709677419355 0.12658227848101267 0.02531645569620253 0.252941191196442 0.06932419010193133 0.301960796117783 0.024691358024691357 3449.9790000000003 0
0.682 0.23146153846153847 0.09644670050761421 0.07106598984771574 0.2610021962059869 0.21447173825510005 0.0 0.043689320388349516 12551.111 0
11.866279069767442 0.20781751824817518 0.20809248554913296 0.005780346820809248 0.382570829656389 0.21288838155868695 0.572549045085907 0.04945054945054945 4063.114 0
85.99212790697675 0.21989705882352942 0.39080459770114945 0.0 0.26288034381537606 0.2683348955295415 0.0 0.25 14798.969000000001 0
181.20746341463413 0.24390076335877864 0.28484848484848485 0.0 0.4366013407707213 0.0328882218969878 0.415686309337616 0.017857142857142856 29936.629 0
4.355684782608695 0.2609041095890411 0.26881720430107525 0.0 0.24411765858531 0.08064681643032225 0.14117647707462302 0.041237113402061855 419.576 0
2.6015778159931213 0.20048387096774192 0.30927835051546393 0.01718213058419244 0.30546957568118444 0.19794720706033755 0.0 0.03161397670549085 5889.505 0
9.887272727272727 0.2515809523809524 0.15789473684210525 0.015037593984962405 0.17183601856231692 0.32060027593247575 0.0 0.0763888888888889 1317.36 0
116.74788888888888 0.2496875 0.0 0.0 0.254901975393295 0.02385396928524447 0.239215701818466 0.03529411764705882 9584.108 0
63.09454901960784 0.2669135802469136 0.13592233009708737 0.02912621359223301 0.48235297203064004 0.0 0.48235297203064004 0.009615384615384616 6435.644 0
1.950867469879518 0.2220909090909091 0.05952380952380952 0.0 0.450980417430401 0.1955286564198706 0.733333379030228 0.045454545454545456 290.93399999999997 0
13.59800350877193 0.23937280701754385 0.11188811188811189 0.02097902097902098 0.29411766305565834 0.11527900844227466 0.247058838605881 0.052980132450331126 7749.67 0
67.14111330049262 0.2573086419753086 0.14705882352941177 0.0196078431372549 0.3403050303459167 0.21125373290626498 0.7450980842113492 0.04225352112676056 27192.824 0
11.226552083333333 0.5702105263157895 0.1134020618556701 0.020618556701030927 0.3542483796676 0.2597685351656896 0.788235321640968 0.05825242718446602 1521.305 0
28.711177777777777 0.3748888888888889 0.2967032967032967 0.0 0.36134455885205957 0.191975763846815 0.5411764979362489 0.07142857142857142 4833.9349999999995 0
27.924727272727274 0.23075409836065575 0.05128205128205128 0.0 0.11339869846900301 0.14229561372613259 0.0 0.13333333333333333 4285.877 0
352.67932352941176 0.23412345679012345 0.23300970873786409 0.0 0.15955883543938398 0.2585925835029155 0.0 0.13445378151260504 66592.427 0
1.7598213507625273 0.2664959128065395 0.13260869565217392 0.030434782608695653 0.30411766543984403 0.15417447309955498 0.0 0.041666666666666664 1111.755 2
30.97625806451613 0.21623318385650225 0.12142857142857143 0.02142857142857143 0.38151263126305185 0.19970136960933285 0.43529415130615207 0.024390243902439025 17223.087 0
13.05108088235294 0.25606451612903225 0.1684981684981685 0.040293040293040296 0.2534942363317196 0.2048571355712433 0.0 0.125 7096.074 0
0.9339173553719008 0.1976476683937824 0.14814814814814814 0.00823045267489712 0.3105882585048674 0.20307896725868277 0.431372582912445 0.020161290322580645 446.307 0
52.67156551724138 0.21668103448275863 0.11643835616438356 0.0 0.18169935544331867 0.16265452146919346 0.31372550129890403 0.020134228187919462 14708.881000000001 0
622.2443571428571 0.25583582089552237 0.15294117647058825 0.0 0.32627452313899985 0.14375103983506146 0.36862745881080605 0.05555555555555555 101620.911 0
20.230614864864865 0.1918728813559322 0.1610738255033557 0.013422818791946308 0.3633987158536908 0.11486024938862148 0.227450996637344 0.03870967741935484 3046.335 0
145.15296078431373 0.20033333333333334 0.009708737864077669 0.009708737864077669 0.3503268162409467 0.08674855789101474 0.360784322023392 0.02830188679245283 29605.817000000003 0
9.646034013605442 0.2656752136752137 0.11486486486486487 0.060810810810810814 0.35653597116470315 0.16272005311529636 0.35686275362968395 0.075 2936.459 2
357.52816666666666 0.21649253731343285 0.07058823529411765 0.023529411764705882 0.2345098167657852 0.16295522651288166 0.329411774873734 0.05555555555555555 60058.742 0
464.04512500000004 0.24948571428571428 0.14606741573033707 0.011235955056179775 0.4000000208616257 0.18790821836027663 0.52549022436142 0.043010752688172046 81507.597 0
24.990052631578944 0.22329245283018867 0.07462686567164178 0.0 0.37941179238259787 0.120100477614872 0.388235330581665 0.056338028169014086 6620.745000000001 0
2.8521581769437 0.20064093959731544 0.18716577540106952 0.0106951871657754 0.3573856393496195 0.1387819631198768 0.29803922772407504 0.038560411311053984 2117.6130000000003 0
5.360434210526316 0.22338333333333332 0.14285714285714285 0.07792207792207792 0.411764729768038 0.19846910184444072 0.24313727021217302 0.04938271604938271 790.823 0
15.51628 0.22898333333333334 0.14473684210526316 0.0 0.35182074563843874 0.17033208123647894 0.247058838605881 0.08433734939759036 2324.7960000000003 2
46.92290625 0.53225 0.10309278350515463 0.05154639175257732 0.3572549238801001 0.2564721342912229 0.431372582912445 0.09345794392523364 8994.84 0
73.41748863636363 0.2588142857142857 0.1348314606741573 0.033707865168539325 0.458823561668396 0.04991341687338981 0.494117677211761 0.02197802197802198 8697.98 0
10.968989966555183 0.2461213389121339 0.12 0.013333333333333334 0.1568627570356642 0.195855091677546 0.0 0.044585987261146494 4226.139 2
0.4041396396396396 0.21305649717514125 0.3004484304932735 0.008968609865470852 0.31111113230387366 0.2712505100404538 0.49803924560546897 0.01327433628318584 94.02699999999999 2
48.12984 0.2809375 0.07920792079207921 0.0297029702970297 0.2677124341328939 0.2542653988911661 0.0 0.12931034482758622 9634.106 0
12.283277777777778 0.19356 0.2047244094488189 0.0 0.24936564441989448 0.23430372569579597 0.0 0.11805555555555555 2634.056 2
3.527607512953368 0.20663047001620746 0.13195342820181113 0.018111254851228976 0.3125903190750824 0.23604704838359375 0.0 0.0468557336621455 5283.966 2
5.032880149812734 0.22524590163934427 0.14953271028037382 0.024299065420560748 0.4001782766797326 0.20359624094858864 0.0 0.03949730700179533 5180.481 0
20.91615873015873 0.20116 0.10236220472440945 0.0 0.47777780393759417 0.2153282916809523 0.47450983524322493 0.045112781954887216 5265.423000000001 1
8.28600469483568 0.2083 0.06074766355140187 0.014018691588785047 0.35686276853084575 0.07322596545679493 0.31764706969261197 0.01834862385321101 2515.4880000000003 0
416.31525316455696 0.2116984126984127 0.1625 0.0 0.1815126197678703 0.14131646908555615 0.0 0.08045977011494253 32906.623999999996 0
77.74313265306122 0.22405128205128205 0.15151515151515152 0.050505050505050504 0.22549020498991001 0.06377826543048853 0.180392161011696 0.019801980198019802 15221.929 0
100.28942500000001 0.232328125 0.16049382716049382 0.0 0.3415032898386319 0.17688175431179953 0.43529415130615207 0.12903225806451613 8061.187000000001 0
29.376413978494625 0.20204729729729728 0.1657754010695187 0.03208556149732621 0.3725490421056745 0.12201059565282366 0.286274522542953 0.010582010582010581 5464.25 1
1.0928896551724139 0.22458620689655173 0.1095890410958904 0.06164383561643835 0.26372550614178186 0.10648753710830264 0.345098048448563 0.05194805194805195 302.16999999999996 0
21.16742578125 0.2033186274509804 0.16342412451361868 0.007782101167315175 0.3865546477692467 0.26168804159003994 0.160784319043159 0.026515151515151516 12010.167 0
1.8329204545454545 0.23004285714285713 0.1797752808988764 0.033707865168539325 0.3084967484076818 0.18309429418399525 0.4862745404243471 0.06315789473684211 317.66700000000003 0
3.282128228782288 0.22525951557093427 0.17419354838709677 0.04516129032258064 0.357718382098458 0.16355843606373127 0.329411774873734 0.04824561403508772 7115.173000000001 0
29.080444444444442 0.27031944444444445 0.08791208791208792 0.0989010989010989 0.2509804040193558 0.06509095383778273 0.30588236451149 0.052083333333333336 4911.187 1
26.74428099173554 0.21411458333333333 0.28688524590163933 0.0 0.30823531150817857 0.18252365214728253 0.32549020648002597 0.03937007874015748 4105.497 1
0.3155421686746988 0.19872361809045228 0.116 0.068 0.3540616482496263 0.11761905515859743 0.133333340287209 0.027237354085603113 139.12 0
5.666608374384237 0.22014506172839507 0.16953316953316952 0.019656019656019656 0.1118499646368234 0.20810974502171475 0.0 0.10154525386313466 4542.775 0
55.704594594594596 0.27040112994350285 0.07623318385650224 0.08520179372197309 0.3249299909387316 0.15643878185051846 0.345098048448563 0.05907172995780591 24010.718 0
0.8690506912442396 0.24304046242774566 0.20642201834862386 0.04128440366972477 0.2969187859977996 0.0900457574708072 0.40000003576278703 0.03111111111111111 334.78499999999997 0
3.945447887323944 0.23922887323943662 0.21940928270042195 0.011251758087201125 0.380598578013872 0.21634076882705744 0.28235295414924605 0.026027397260273973 5440.255 2
13.089308219178081 0.17761206896551723 0.30612244897959184 0.0 0.32549020648002647 0.027729676040772706 0.30588236451149 0.013422818791946308 3819.728 2
5.120628117913832 0.22019318181818182 0.14705882352941177 0.006787330316742082 0.3533333554863929 0.15360952388391858 0.490196108818054 0.022123893805309734 4289.459 2
0.8274011741682975 0.18883843329253366 0.14467253176930597 0.024437927663734114 0.4056022635528019 0.1741235977830083 0.490196108818054 0.013500482160077145 1600.953 2
1.1692134831460674 0.17511267605633804 0.2222222222222222 0.0 0.3254902139306065 0.23292931035262565 0.160784319043159 0.021739130434782608 106.754 2
0.4060544217687075 0.21074358974358975 0.21621621621621623 0.02027027027027027 0.3388235509395598 0.07062091699791644 0.376470625400543 0.032679738562091505 97.07900000000001 2
5.5042251655629135 0.23225414364640884 0.18502202643171806 0.004405286343612335 0.2792157039046288 0.11258235015774468 0.431372582912445 0.021551724137931036 4974.511 0
48.01235365853658 0.26164615384615386 0.10843373493975904 0.0 0.7960784733295441 0.0 0.7960784733295441 0.011904761904761904 3937.013 0
2.409876404494382 0.2305774647887324 0.3111111111111111 0.044444444444444446 0.490196108818054 0.0 0.490196108818054 0.01098901098901099 214.479 1
2.111875 0.22648377581120943 0.15529411764705883 0.03058823529411765 0.2600619341982038 0.2799433702898468 0.0 0.08207343412526998 1695.4569999999999 2
1.0347469387755102 0.14609183673469386 0.5203252032520326 0.008130081300813009 0.4376470863819122 0.1856149422332937 0.376470625400543 0.0199203187250996 479.164 0
0.40213658536585367 0.14587195121951219 0.47572815533980584 0.0048543689320388345 0.4607843458652495 0.04159451406115865 0.490196108818054 0.009615384615384616 94.165 0
5.772975000000001 0.324640625 0.07407407407407407 0.0 0.32647060230374353 0.11604022554763087 0.498039230704308 0.047058823529411764 488.66700000000003 0
289.653358974359 0.3570537634408602 0.13559322033898305 0.0423728813559322 0.27058824524283426 0.1308887849108916 0.42745099961757704 0.03278688524590164 33920.193 0
1.7261532258064516 0.2757979797979798 0.3293172690763052 0.020080321285140562 0.16261723086885785 0.20476634354170653 0.0 0.2697947214076246 827.063 0
21.381466165413535 0.3020566037735849 0.09701492537313433 0.007462686567164179 0.28529413789510727 0.10107077954911999 0.364705890417099 0.028985507246376812 2913.181 0
179.7184638554217 0.21525 0.08383233532934131 0.029940119760479042 0.3436274752020835 0.20268900157330072 0.38431376218795793 0.045714285714285714 59663.174 0
18.31928 0.2011875 0.0297029702970297 0.009900990099009901 0.310588252544403 0.24154126894803105 0.34117648005485496 0.04716981132075472 2109.994 0
8.266769005847953 0.20037362637362638 0.11370262390670553 0.011661807580174927 0.3725490421056748 0.22252959739052636 0.152941182255745 0.02556818181818182 4346.385 0
5.898022471910112 0.21174647887323944 0.06666666666666667 0.0 0.307843156158924 0.07911467695916576 0.28235295414924605 0.0425531914893617 1024.306 0
4.808897755610973 0.1987625 0.24129353233830847 0.009950248756218905 0.3398693021800783 0.1952091581677455 0.0 0.04285714285714286 2634.116 0
181.03996261682244 0.20492982456140352 0.16279069767441862 0.018604651162790697 0.2372549176216125 0.0027729676040770548 0.235294133424759 0.009216589861751152 77364.274 0
7.851479481641468 0.19781891891891892 0.2521551724137931 0.040948275862068964 0.34841631352901453 0.24380098806101932 0.0 0.053061224489795916 6723.445 2
6.5091052631578945 0.22701315789473683 0.0625 0.052083333333333336 0.36470590531826 0.31687150144656895 0.207843154668808 0.030303030303030304 856.3430000000001 0
9.096644366197182 0.2252511013215859 0.07719298245614035 0.0456140350877193 0.2974790100540434 0.15055067079202336 0.30980393290519703 0.046822742474916385 3937.9700000000003 0
80.28956842105264 0.2385657894736842 0.14583333333333334 0.07291666666666667 0.3490196267763773 0.06479495818280051 0.352941185235977 0.030303030303030304 13432.374 1
9.795333333333334 0.208859375 0.2804878048780488 0.024390243902439025 0.33382354490458976 0.09638806468492596 0.372549027204514 0.08888888888888889 962.859 2
111.95630769230769 0.30859615384615385 0.10606060606060606 0.030303030303030304 0.3036119937896728 0.2478402465196651 0.0 0.2235294117647059 14451.113000000001 2
351.6057651006712 0.41005042016806725 0.26 0.03333333333333333 0.24237000650685767 0.21979548276830926 0.0 0.23469387755102042 94498.84700000001 2
62.9618623853211 0.31555172413793103 0.05454545454545454 0.01818181818181818 0.30718956142663967 0.22935870631753996 0.415686309337616 0.05172413793103448 10582.63 0
26.589344827586206 0.24964130434782608 0.29914529914529914 0.008547008547008548 0.566013092796008 0.14862348044625384 0.7372549176216129 0.025 3832.773 0
4.697285511363637 0.21898579040852575 0.1673758865248227 0.014184397163120567 0.6598039641976355 0.2478434594935245 0.494117677211761 0.005641748942172073 3468.896 0
41.94647422680413 0.2498961038961039 0.05102040816326531 0.061224489795918366 0.20840337659631453 0.22815131256309903 0.0 0.125 8130.127 2
3.299746031746032 0.21165508684863524 0.15247524752475247 0.023762376237623763 0.34392158985137933 0.11005341222456883 0.43529415130615207 0.019417475728155338 3312.667 2
0.746295652173913 0.22020652173913044 0.3017241379310345 0.017241379310344827 0.40784317255020097 0.0 0.40784317255020097 0.008547008547008548 85.824 0
159.76085882352942 0.18689705882352942 0.2573099415204678 0.0 0.15798320301941457 0.2405763626136119 0.0 0.07567567567567568 54240.675 1
21.914073529411763 0.26158333333333333 0.058394160583941604 0.051094890510948905 0.2729411959648134 0.08513508530661468 0.29019609093666104 0.035211267605633804 5922.9220000000005 2
1.2288064516129031 0.19417171717171716 0.16 0.008 0.3627451161543527 0.10258482628010444 0.270588248968124 0.04580152671755725 164.989 2
260.85598095238095 0.2734761904761905 0.08490566037735849 0.03773584905660377 0.2941176742315295 0.14974027169359563 0.40000003576278703 0.018518518518518517 27402.977 0
4.014433179723502 0.1926300578034682 0.0963302752293578 0.0045871559633027525 0.31058825254440303 0.16908587575911396 0.5450980663299559 0.043859649122807015 1737.862 -2
7.433919037199125 0.15686849315068493 0.39082969432314413 0.015283842794759825 0.37490198612213144 0.11753590265578161 0.286274522542953 0.01079913606911447 6789.4580000000005 2
1.5782268760907505 0.20951528384279475 0.10801393728222997 0.013937282229965157 0.24621850092496186 0.22651087339971668 0.0 0.046511627906976744 1798.681 2
9.07347619047619 0.20044444444444445 0.11486486486486487 0.0 0.38470590412616723 0.20425188133134303 0.45490199327468894 0.06329113924050633 2384.885 2
0.5249607843137255 0.20558024691358023 0.33980582524271846 0.038834951456310676 0.43529415130615207 0.0 0.43529415130615207 0.009615384615384616 53.546 0
58.51843195266272 0.22124444444444444 0.01764705882352941 0.03529411764705882 0.357422988329615 0.09818104679152438 0.38431376218795793 0.03954802259887006 19762.802 2
2.452025 0.19526041666666666 0.049586776859504134 0.01652892561983471 0.3498039364814756 0.08836157232324636 0.286274522542953 0.03968253968253968 586.315 2
1.1839655891553702 0.18687092568448502 0.109375 0.023958333333333335 0.3546841166637561 0.14980872128631714 0.490196108818054 0.02735562310030395 2248.892 0
0.9955347985347985 0.1785045871559633 0.11313868613138686 0.014598540145985401 0.05649963904310156 0.1121346056165719 0.0 0.08970099667774087 494.932 2
53.01662727272728 0.23619318181818183 0.14414414414414414 0.036036036036036036 0.357843153178692 0.0727606942839214 0.26274511218071 0.034782608695652174 10681.591 2
30.357625 0.19586842105263158 0.020618556701030927 0.020618556701030927 0.40196080505847925 0.08253948242123588 0.364705890417099 0.039603960396039604 2979.319 2
0.3503065693430657 0.2316697247706422 0.18115942028985507 0.0 0.40470590591430683 0.05386986261309304 0.43921571969986 0.03496503496503497 73.138 0
1.6533052362707534 0.25849840255591056 0.14668367346938777 0.05357142857142857 0.27450982018097025 0.11494723992133928 0.20000001788139302 0.04506699147381242 2569.29 0
3.3238347107438018 0.2551041666666667 0.21311475409836064 0.02459016393442623 0.3968627661466596 0.22560782854321632 0.494117677211761 0.03937007874015748 760.482 0
0.5812406492589979 0.19509443954104147 0.16995768688293372 0.00846262341325811 0.3660130947828293 0.18475294117282817 0.490196108818054 0.020718232044198894 1589.8090000000002 2
53.22085123966942 0.2851666666666667 0.2540983606557377 0.04918032786885246 0.36405231058597554 0.10403373648249656 0.364705890417099 0.046875 12836.939 0
12.0649173553719 0.23211917098445595 0.1111111111111111 0.00823045267489712 0.30098041333258163 0.10786097194352891 0.423529446125031 0.03187250996015936 5817.781 0
0.3385943396226415 0.22545238095238096 0.18691588785046728 0.0 0.4107843302190305 0.10798564903172574 0.53725491464138 0.036036036036036036 48.882999999999996 0
14.082807453416148 0.425125 0.11728395061728394 0.06790123456790123 0.28380539295849977 0.26133693552570714 0.0 0.14285714285714285 4526.228 0
0.2575230769230769 0.14994230769230768 0.5190839694656488 0.0 0.3189542690912883 0.07787384695597642 0.301960796117783 0.022388059701492536 38.861000000000004 0
5.158659722222223 0.2045478260869565 0.32413793103448274 0.0 0.43585437110492153 0.20003112821907082 0.490196108818054 0.046052631578947366 1478.1329999999998 2
0.5969012345679012 0.224953125 0.24390243902439024 0.0 0.3248366142312685 0.1508946410360639 0.360784322023392 0.06818181818181818 81.83 2
3.769833333333333 0.2088987341772152 0.11557788944723618 0.03015075376884422 0.2848039381206035 0.11388838020842523 0.28235295414924605 0.03864734299516908 1471.124 2
69.00564102564103 0.23109677419354838 0.10126582278481013 0.0 0.3346405426661173 0.07402665312928264 0.415686309337616 0.036585365853658534 10761.601999999999 2
3.059964912280702 0.21318681318681318 0.0782608695652174 0.017391304347826087 0.34431374669075 0.14521458590365638 0.490196108818054 0.041666666666666664 659.219 0
512.4933199999999 0.2178125 0.13861386138613863 0.0 0.33333336313565565 0.11653066075580143 0.20000001788139302 0.028846153846153848 83053.357 2
5.666358609794629 0.2339308300395257 0.222397476340694 0.017350157728706624 0.2806722846414362 0.16970465988427902 0.0 0.04229607250755287 7124.548 2
57.92190963855421 0.21812878787878787 0.1317365269461078 0.029940119760479042 0.3222222452362378 0.127518344336551 0.19215688109397897 0.03468208092485549 19202.772 2
1.7372589928057554 0.21064864864864866 0.15714285714285714 0.02857142857142857 0.3899782399336498 0.16985544683309223 0.43529415130615207 0.06040268456375839 479.932 2
5.356807947019868 0.20355833333333334 0.1118421052631579 0.019736842105263157 0.3641456833907536 0.09133772875588145 0.43529415130615207 0.0440251572327044 929.9490000000001 2
4.079921221864952 0.20274446680080482 0.17656500802568217 0.01765650080256822 0.3619608055800199 0.12067048108014002 0.31372550129890403 0.03110419906687403 5064.898999999999 2
37.19139534883721 0.23406796116504855 0.12307692307692308 0.05384615384615385 0.2830065463980038 0.07495908584829068 0.278431385755539 0.04411764705882353 9352.129 2
41.11858333333333 0.18182089552238806 0.29411764705882354 0.0 0.38431376218795793 0.0 0.38431376218795793 0.011627906976744186 3453.961 2
2.5632965517241377 0.1660905172413793 0.41237113402061853 0.003436426116838488 0.29607844352722146 0.03604857885300454 0.270588248968124 0.006825938566552901 972.707 2
17.994799065420562 0.2057309941520468 0.16744186046511628 0.009302325581395349 0.3202614560723304 0.17104624036335608 0.0 0.05286343612334802 7686.032 2
133.0976923076923 0.18097596153846154 0.3946360153256705 0.007662835249042145 0.331372570246458 0.21936762968894613 0.227450996637344 0.02973977695167286 34855.158 0
166.73984403669724 0.20135632183908045 0.1278538812785388 0.0136986301369863 0.28862746506929393 0.19861712695083297 0.5372549295425421 0.043668122270742356 65092.406 -2
147.33131818181818 0.1979142857142857 0.3258426966292135 0.0 0.29254903197288507 0.31022063554996615 0.0 0.05319148936170213 25923.423000000003 0
0.38096330275229356 0.22664367816091954 0.16363636363636364 0.05454545454545454 0.366666689515114 0.10451796726218052 0.239215701818466 0.03508771929824561 55.794 0
0.5238189233278956 0.22278775510204082 0.15798045602605862 0.024429967426710098 0.3353617489337921 0.1607215273242654 0.26274511218071 0.04510108864696734 615.425 0
319.33129113924053 0.22795238095238096 0.15 0.05 0.40941178202629075 0.13309090565424933 0.274509817361832 0.058823529411764705 50453.576 0
356.1206338028169 0.26135714285714284 0.041666666666666664 0.013888888888888888 0.08597285701678353 0.17119539777912687 0.0 0.15294117647058825 50562.651 0
20.63579411764706 0.22623456790123456 0.18446601941747573 0.009708737864077669 0.7058824002742771 0.0 0.7058824002742771 0.009615384615384616 2104.851 2
316.997813559322 0.21928723404255318 0.13445378151260504 0.0 0.44183009862899764 0.043018252787296075 0.40784317255020097 0.02459016393442623 74793.592 0
6.119087209302325 0.21604379562043796 0.1907514450867052 0.005780346820809248 0.355555571615696 0.07908226988381645 0.32549020648002597 0.0335195530726257 2081.591 0
2.2995326086956522 0.24304109589041095 0.1935483870967742 0.03225806451612903 0.25947713355223334 0.17963039307342477 0.35686275362968395 0.06060606060606061 417.144 2
7.542818181818181 0.2214559585492228 0.16049382716049382 0.03292181069958848 0.4177979185031011 0.17160031155495856 0.30588236451149 0.05078125 3611.715 2
1.1482881355932204 0.2530283687943262 0.16853932584269662 0.0 0.3066666901111602 0.07691675933359578 0.39215689897537204 0.0273224043715847 276.291 0
25.0737648 0.24106 0.16773162939297126 0.011182108626198083 0.3763001068778659 0.1478350522589633 0.490196108818054 0.03543913713405239 15933.643999999998 2
5.6353716475095785 0.24986570743405276 0.20650095602294455 0.011472275334608031 0.3205128415272786 0.0925859616932455 0.431372582912445 0.04735883424408015 5855.059 0
104.19427906976745 0.24544117647058825 0.12643678160919541 0.011494252873563218 0.298039232691129 0.1549391995988073 0.235294133424759 0.03333333333333333 9024.529 0
4.280621745788667 0.250816091954023 0.11314984709480122 0.0290519877675841 0.23291742395270956 0.18904275388404057 0.0 0.048034934497816595 5323.915 2
6.878866485013623 0.3164061433447099 0.14130434782608695 0.010869565217391304 0.2627451134224733 0.1398631815434626 0.0 0.061224489795918366 5003.901 2
6.549750458715596 0.2650183486238532 0.1282051282051282 0.01098901098901099 0.32156864702701576 0.10170189896707856 0.415686309337616 0.026737967914438502 7130.486 2
8.069219047619049 0.3666785714285714 0.12264150943396226 0.018867924528301886 0.34039217233657837 0.05610722745556951 0.278431385755539 0.04504504504504504 1676.399 0
111.53167336683417 0.3569308176100629 0.31 0.0 0.23235295526683325 0.13128682244445455 0.24313727021217302 0.038461538461538464 22306.811999999998 0
12.304751824817519 0.3691743119266055 0.2246376811594203 0.036231884057971016 0.25490197539329545 0.10107078754711567 0.168627455830574 0.061224489795918366 3370.727 0
257.0807254901961 0.39331967213114755 0.14285714285714285 0.05844155844155844 0.3262745201587674 0.11716896655982219 0.29803922772407504 0.031446540880503145 39813.102 0
76.92054807692307 0.33257831325301207 0.09523809523809523 0.0 0.458823561668396 0.05187747359540234 0.478431403636932 0.027777777777777776 9388.594000000001 0
7.597020202020202 0.3759240506329114 0.08 0.0 0.24817928671836859 0.19106955569206713 0.458823561668396 0.06542056074766354 1068.959 0
7.26339175257732 0.21470258620689656 0.1815068493150685 0.0136986301369863 0.39248368516564375 0.17286035319095372 0.490196108818054 0.039473684210526314 4178.5869999999995 0
101.28844680851064 0.20867553191489363 0.1906779661016949 0.0 0.36078433692455303 0.14974027169359636 0.46666669845581105 0.008403361344537815 23856.571 0
474.1809191176471 0.26794444444444443 0.15328467153284672 0.021897810218978103 0.405490219593048 0.11327158293133212 0.494117677211761 0.035211267605633804 109348.321 0
0.7305477707006369 0.191008 0.1962025316455696 0.0 0.239215701818466 0.0 0.239215701818466 0.006289308176100629 114.696 0
5.15879295154185 0.30334806629834254 0.16666666666666666 0.03508771929824561 0.5482353329658508 0.32346882585549136 0.490196108818054 0.02145922746781116 1425.593 0
104.1211935483871 0.19335353535353536 0.344 0.0 0.2188235402107238 0.20836782902611964 0.0 0.038461538461538464 25573.764000000003 0
5.821515625 0.20556209150326799 0.09844559585492228 0.02072538860103627 0.4004357506831488 0.14424024346826655 0.364705890417099 0.04455445544554455 1353.466 0
13.210435754189943 0.2913776223776224 0.16666666666666666 0.044444444444444446 0.3286274656653405 0.09702834636295597 0.164705887436867 0.05263157894736842 4586.878000000001 2
35.659403100775194 0.21225242718446602 0.1 0.03076923076923077 0.2996078670024872 0.09552059971128758 0.203921586275101 0.037037037037037035 9195.377 2
1.9214014336917564 0.20851569506726458 0.10714285714285714 0.02142857142857143 0.1484967430432637 0.18255835458112077 0.0 0.05084745762711865 837.4300000000001 2
1.8637933884297522 0.23877083333333332 0.1557377049180328 0.04918032786885246 0.25588236376643203 0.07988040692819433 0.235294133424759 0.031746031746031744 434.43100000000004 0
191.8658875 0.35503125 0.13580246913580246 0.024691358024691357 0.2737255066633224 0.14818941926445275 0.29803922772407504 0.10989010989010989 15436.880000000001 0
7.159043927648579 0.19411003236245955 0.13402061855670103 0.020618556701030927 0.3211764931678771 0.1458492124623571 0.431372582912445 0.02512562814070352 3567.2380000000003 0
0.5192716049382716 0.247296875 0.13414634146341464 0.04878048780487805 1.0 0.0 1.0 0.03529411764705882 67.85300000000001 0
148.49271304347826 0.3436739130434783 0.29310344827586204 0.008620689655172414 1.0434782608695652 0.47465402419841235 1.0 0.16546762589928057 34150.426999999996 2
15.949157024793388 0.47941666666666666 0.3524590163934426 0.0 0.8181818181818182 0.5978016152201954 1.0 0.41904761904761906 3857.939 -2
62.92657446808511 0.43496 0.22105263157894736 0.0 0.9655172413793104 0.3254402096380548 1.0 0.23387096774193547 11823.771 2
42.28913265306122 0.25903846153846155 0.41414141414141414 0.0 1.0833333333333333 0.5149286505444373 1.0 0.10810810810810811 8286.547 0
0.7490053475935828 0.2688389261744967 0.26063829787234044 0.0425531914893617 1.0350877192982457 0.32540701330914323 1.0 0.23265306122448978 272.921 1
0.666940281030445 0.2275982852363028 0.2836594748285666 0.00769359424652952 0.987600291757841 0.39038555241294665 1.0 0.18653061224489795 8042.018 2
16.979740425531915 0.2859601063829787 0.25902335456475584 0.012738853503184714 1.0454545454545454 0.3685663716672059 1.0 0.15742397137745975 15959.162 1
39.12799212598425 0.3325940594059406 0.203125 0.0 1.0 0.0 1.0 0.1232876712328767 9924.457 0
10.239662551440329 0.17122680412371133 0.47950819672131145 0.004098360655737705 0.3717948717948718 0.5608197700855548 0.0 0.2422360248447205 4960.088 2
1.0714923076923077 0.3044567307692308 0.18773946360153257 0.038314176245210725 1.0454545454545454 0.33593550657351257 1.0 0.2521489971346705 556.7909999999999 1
0.8196832043695949 0.22861621621621622 0.2737201365187713 0.0072810011376564275 1.0147275405007363 0.39137591906262326 1.0 0.13381947181710682 7199.898999999999 0
23.391411499436302 0.2017842031029619 0.2286036036036036 0.0 1.016260162601626 0.3617747654839361 1.0 0.12166172106824925 41492.503 0
6.669457975986278 0.2437725321888412 0.24315068493150685 0.0 1.021505376344086 0.2940901452917749 1.0 0.13737075332348597 7768.9130000000005 0
