12922.738323943662 1.544017857142857 0.3888888888888889 0.1111111111111111 0.9826989619377162 0.38601190436490257 1.0 0.8005540166204986 1835028.8739999998 0
7547.2266186440675 0.9428510638297872 0.37815126050420167 0.05042016806722689 0.998046875 0.33397928992063325 1.0 0.8114104595879557 1781159.542 -2
12633.33942857143 0.9700714285714286 0.30985915492957744 0.08450704225352113 0.9326923076923077 0.38734630617410837 1.0 0.7455197132616488 1768671.5389999999 0
7187.141786259542 1.8117211538461537 0.2803030303030303 0.12878787878787878 0.9482323232323232 0.4338367407667272 1.0 0.8571428571428571 1882802.908 2
27187.725599999998 1.405142857142857 0.2777777777777778 0.08333333333333333 0.995260663507109 0.39638401692530867 1.0 0.854251012145749 1903145.327 0
407.1298309859155 0.676625 0.25 0.027777777777777776 1.0303030303030303 0.3336424046406527 1.0 0.5789473684210527 58645.641 0
39.55523404255319 4.815486486486487 0.16666666666666666 0.0 0.9957446808510638 0.29954199141192484 1.0 0.8303886925795053 3716.0240000000003 0
222.52985714285714 0.3941071428571429 0.16666666666666666 0.05555555555555555 0.5604395604395604 0.5417828841230531 1.0 0.7165354330708661 15566.921 0
43.08780821917808 0.6543965517241379 0.16216216216216217 0.06756756756756757 0.8888888888888888 0.5128728387747147 1.0 0.5722543352601156 6297.0869999999995 0
2077.9953125 0.66175 0.058823529411764705 0.0 0.9393939393939394 0.4253066903844576 1.0 0.7951807228915663 66501.976 0
1722.7734444444445 0.4943859649122807 0.1917808219178082 0.0273972602739726 0.9516129032258065 0.3810003810005715 1.0 0.45925925925925926 248079.13799999998 2
1916.8098571428573 0.9899090909090908 0.1724137931034483 0.0 1.0357142857142858 0.3283172365140274 1.0 0.6588235294117647 107342.875 2
11.525980842911878 0.94175 0.20610687022900764 0.09541984732824428 0.95703125 0.41490954036538735 1.0 0.7962674961119751 6020.147 -2
187.5983 0.8235 0.23809523809523808 0.0 0.8548387096774194 0.4378327472249764 1.0 0.7469879518072289 7685.432 0
4608.3776 164.25466666666665 0.1875 0.0 1.0142857142857142 0.318185851390103 1.0 0.813953488372093 138928.936 0
573.0454722222222 2.8540357142857142 0.02702702702702703 0.0 0.984375 0.28127755596930143 1.0 0.6336633663366337 41256.318 0
23.065213114754098 0.31083333333333335 0.14516129032258066 0.0 1.0434782608695652 0.3624927119040807 1.0 0.42592592592592593 2813.5600000000004 2
2.8473454545454544 0.33688636363636365 0.16071428571428573 0.03571428571428571 0.7263157894736842 0.5145149598378812 1.0 0.6291390728476821 315.783 0
2.544089147286822 0.32314077669902913 0.38223938223938225 0.06177606177606178 0.8935779816513761 0.42837655863140944 1.0 0.677860696517413 1312.999 0
80.86892592592592 0.11841860465116279 0.8545454545454545 0.0 0.8135593220338984 0.5382649006654858 1.0 0.6820809248554913 8731.539 0
287.5853857142857 0.37192857142857144 0.14084507042253522 0.014084507042253521 1.0714285714285714 0.26226526415648105 1.0 0.2828282828282828 40257.787 0
4075.3764181034485 0.34785405405405406 0.37339055793991416 0.017167381974248927 0.8153846153846154 0.6072509587421512 1.0 0.3581267217630854 1890975.26 0
6455.158164383562 0.4847844827586207 0.2108843537414966 0.02040816326530612 0.9622641509433962 0.5150039907730127 1.0 0.4189723320158103 1880901.6809999999 0
4163.147875 0.4038826815642458 0.26222222222222225 0.0044444444444444444 1.0 0.3779644730092272 1.0 0.20212765957446807 1865088.387 2
3641.991594488189 0.27727586206896554 0.2980392156862745 0.00784313725490196 1.0684931506849316 0.3040818202797687 1.0 0.2225609756097561 1849773.348 2
4217.967806167401 0.3716850828729282 0.27631578947368424 0.013157894736842105 0.9518072289156626 0.4660057169604129 1.0 0.26688102893890675 1914959.158 1
110.58584375000001 0.330984375 0.2803738317757009 0.018691588785046728 0.9722222222222222 0.4627898603347532 1.0 0.2517482517482518 53693.738 0
2725.5912051282053 0.3755857142857143 0.3380681818181818 0.014204545454545454 1.0057471264367817 0.4985195010335805 1.0 0.33079847908745247 1913365.665 1
1237.4160492866406 0.34366071428571426 0.3082901554404145 0.006476683937823834 0.8905263157894737 0.5851671628545414 1.0 0.3809141940657578 1908090.096 0
4698.875759259259 0.34425 0.2304147465437788 0.018433179723502304 1.0410958904109588 0.38867138949330254 1.0 0.2517241379310345 1976745.4980000001 -2
1654.0161969439728 0.29082590233545647 0.29491525423728815 0.005084745762711864 0.8942307692307693 0.5181888300765722 1.0 0.3458980044345898 1948431.279 0
1672.8612780656304 0.3437991360691145 0.2827586206896552 0.01896551724137931 0.9292452830188679 0.5056021666542896 1.0 0.2676767676767677 1936451.12 1
7828.786968992248 0.3670970873786408 0.2923076923076923 0.0 0.5652173913043478 0.5783781323305583 0.0 0.5859872611464968 2019827.171 0
4.9310574358974355 0.2365474358974359 0.32684426229508196 0.0020491803278688526 0.8482384823848238 0.5454887990858523 1.0 0.27434944237918213 9614.322 0
44.649475609756095 0.2594 0.3614457831325301 0.024096385542168676 1.1111111111111112 0.6763995415945232 1.0 0.1782178217821782 6486.9169999999995 0
644.3616516853933 0.4106760563380282 0.30970149253731344 0.029850746268656716 0.9435897435897436 0.47828887002859777 1.0 0.42116630669546434 172352.33599999998 0
9.403655172413792 0.5330579710144927 0.19318181818181818 0.011363636363636364 0.9649122807017544 0.5658404709778997 1.0 0.3931034482758621 1598.624 0
54.848976923076926 0.29 0.183206106870229 0.0 0.8227848101265823 0.5491133569133687 1.0 0.3761904761904762 7197.5160000000005 0
330.2862769230769 0.40301923076923074 0.13636363636363635 0.015151515151515152 1.125 0.5 1.0 0.1951219512195122 42934.541 -2
40.575271428571426 0.5520178571428571 0.22535211267605634 0.014084507042253521 1.125 0.5366968215490656 1.0 0.25263157894736843 5680.677 0
29.3801914893617 0.2827321428571429 0.3591549295774648 0.007042253521126761 0.92 0.44446711960297275 1.0 0.2604166666666667 4315.196 1
224.56218 0.308175 0.32338308457711445 0.004975124378109453 0.8390804597701149 0.5680149690623091 1.0 0.3020833333333333 45126.608 0
38.655193181818184 0.48134285714285713 0.0898876404494382 0.011235955056179775 0.9705882352941176 0.5213789477243252 1.0 0.2764227642276423 6801.059 0
500.77535576923077 0.32242168674698796 0.2 0.0380952380952381 1.0571428571428572 0.33806170189140666 1.0 0.25 104158.246 0
298.6475267857143 0.3440337078651685 0.21238938053097345 0.0 0.9607843137254902 0.44545636436021385 1.0 0.31097560975609756 66897.006 0
47.080170068027215 0.40241880341880343 0.14189189189189189 0.013513513513513514 1.018181818181818 0.40783570997396285 1.0 0.270935960591133 13842.917 0
1080.1465967741935 0.8091020408163265 0.12698412698412698 0.015873015873015872 1.1923076923076923 0.4914656259988704 1.0 0.29213483146067415 133938.991 2
24.291541666666667 0.5341578947368422 0.1836734693877551 0.0 0.7948717948717948 0.5221154933480351 1.0 0.4431818181818182 2332.408 0
151.29538011695905 0.33221323529411767 0.3953488372093023 0.005813953488372093 1.0 0.47809144373375745 1.0 0.29218106995884774 51743.666 2
107.81822000000001 0.289275 0.21568627450980393 0.0392156862745098 0.8333333333333334 0.5920934999167599 1.0 0.37037037037037035 10781.386 2
894.8604210526316 0.35944444444444446 0.3103448275862069 0.0 0.9583333333333334 0.6240935455708451 1.0 0.2926829268292683 65426.485 0
40.47923076923077 0.42193548387096774 0.211864406779661 0.03389830508474576 0.8363636363636363 0.5362295101372989 1.0 0.3179190751445087 9448.385999999999 0
366.6382535211268 0.44323214285714285 0.18055555555555555 0.027777777777777776 1.0 0.3333333333333333 1.0 0.2087912087912088 52032.236 0
12.788170731707316 0.3456 0.3614457831325301 0.0 0.8863636363636364 0.5793303708998299 1.0 0.3464566929133858 2108.05 0
29.484194915254236 0.32985106382978724 0.3949579831932773 0.0 0.8382352941176471 0.6604000171232055 1.0 0.36363636363636365 6576.202 0
39.10201315789474 0.5883666666666667 0.37662337662337664 0.012987012987012988 1.0909090909090908 0.30151134457776363 1.0 0.125 5930.013000000001 2
160.21736231884057 0.32074545454545456 0.42857142857142855 0.02857142857142857 1.2 0.5 1.0 0.2631578947368421 22106.362 2
83.78215294117646 0.3053235294117647 0.2558139534883721 0.0 1.0869565217391304 0.41702882811414954 1.0 0.21100917431192662 14241.185000000001 0
103.68674647887323 0.459125 0.05555555555555555 0.013888888888888888 1.04 0.3511884584284246 1.0 0.25773195876288657 14717.743999999999 0
3069.3671379310344 0.692804347826087 0.2711864406779661 0.0 0.18416290300396781 0.3344663329053975 0.0 0.3058823529411765 355798.918 1
3.9809180327868856 0.28678767123287674 0.42391304347826086 0.005434782608695652 0.15867271045079603 0.04524317475875669 0.18823531270027202 0.06598984771573604 1431.17 0
1922.7261632653062 0.5213589743589744 0.050505050505050504 0.020202020202020204 0.09607843557993577 0.05527882093948019 0.0901960805058479 0.05714285714285714 376822.287 1
2158.389023529412 0.4119264705882353 0.2441860465116279 0.0 0.15686275561650603 0.06366966583533792 0.0745098069310188 0.06521739130434782 250917.87800000003 0
2.439145875251509 0.2754301886792453 0.1628140703517588 0.010050251256281407 0.16858077510481792 0.08682789009387619 0.0901960805058479 0.0778498609823911 4840.282 0
13.265229729729729 0.3727372881355932 0.10738255033557047 0.006711409395973154 0.17450981214642525 0.13110401367585595 0.31372550129890403 0.026143790849673203 3841.316 2
0.321144 0.17154 0.5 0.0 0.14733894062893738 0.03311014453129225 0.180392161011696 0.05263157894736842 67.733 0
1.2839166666666666 0.47538372093023257 0.05504587155963303 0.03669724770642202 1.204142061563638 0.2926552688998187 1.6153846979141202 0.10655737704918032 268.51 1
23.520157303370787 0.4117183098591549 0.08888888888888889 0.05555555555555555 1.3538461923599254 1.0126420104169453 0.7692307829856869 0.05263157894736842 4171.971 1
1.2279137931034483 0.36883695652173915 0.1111111111111111 0.008547008547008548 1.2142857696328837 0.55299787993464 1.0769231319427501 0.10687022900763359 207.37599999999998 1
1.6539000000000001 0.3618928571428571 0.014084507042253521 0.0 1.0236686743222752 0.28547103028670245 0.7692307829856869 0.15476190476190477 227.03300000000002 0
59.374203592814375 0.3136466165413534 0.05357142857142857 0.0 1.1739927189690726 0.5263218374709913 0.730769276618958 0.1111111111111111 19818.845 0
214.5985849056604 0.6722857142857143 0.12962962962962962 0.0 1.2121588482010748 0.780486334486103 0.0 0.36470588235294116 14078.981 2
51.41816129032258 0.27918918918918917 0.3829787234042553 0.0 1.3076923581270077 0.7821038490570419 0.9615384936332699 0.12149532710280374 9560.759 2
2219.8928637724553 0.3575337078651685 0.17339312406576982 0.04185351270553064 1.2940776538004917 0.5741674421230138 0.0 0.1445012787723785 2964498.1739999996 0
5.334539454806312 0.3579874326750449 0.12750716332378223 0.022922636103151862 1.2094926821424605 0.44643694244029486 1.26923084259033 0.06308724832214765 7377.058 0
0.9712304832713755 0.25173023255813953 0.15955473098330242 0.0055658627087198514 1.3427350891960992 0.5126048745461799 1.0 0.07705479452054795 1037.602 0
2.071138613861386 0.36771517027863776 0.17777777777777778 0.0049382716049382715 1.3557692755793416 0.7174681146312262 0.0 0.29809358752166376 1669.933 1
87.19044 0.34497 0.12698412698412698 0.007936507936507936 1.079487208525338 0.5159064773297781 1.53846156597137 0.10638297872340426 21604.833 0
3.1295057915057916 0.2813623188405797 0.1576923076923077 0.0 1.2274248029874721 0.4040397731705665 1.3076924085617099 0.0812720848056537 1576.556 2
3.671207843137255 0.3222107843137255 0.08203125 0.02734375 1.4071618585750976 0.6698523620715385 1.8846154212951698 0.10175438596491228 1870.4189999999999 2
78.37461111111111 0.3895138888888889 0.08791208791208792 0.01098901098901099 1.1452991829978105 0.4574247034721752 0.5384615659713751 0.09 14099.164 2
19.842119999999998 0.32961666666666667 0.17105263157894737 0.02631578947368421 1.3136095037827134 0.8993815572819466 1.0 0.14606741573033707 2972.116 1
160.19896190476192 0.31085714285714283 0.26066350710900477 0.004739336492890996 0.9307692646980293 1.0328910767575767 0.0 0.023148148148148147 33994.156 1
1.4512140672782874 0.2910842911877395 0.11280487804878049 0.006097560975609756 1.268162445889579 0.49378952688154365 1.23076927661896 0.0989010989010989 781.8330000000001 0
3.9862345276872966 0.29307755102040817 0.18506493506493507 0.006493506493506494 1.4226135841335161 0.547383024820775 1.3846154212951698 0.21227621483375958 2186.715 -2
94.43026277372262 0.38931192660550457 0.21739130434782608 0.021739130434782608 1.3041958592154757 0.649260223912727 0.9230769872665409 0.19298245614035087 25867.881999999998 2
4.004052023121387 0.49221739130434783 0.08620689655172414 0.022988505747126436 1.2855030091909263 0.7203692358190729 0.0 0.23008849557522124 1135.0990000000002 1
3.7820511363636364 0.3075357142857143 0.15819209039548024 0.01694915254237288 1.3594164992200923 0.763389658910771 0.0 0.1407766990291262 1324.7759999999998 -2
18.709093264248708 0.34749350649350647 0.17525773195876287 0.0 1.4317308321595201 0.6326766712995973 1.4615385532379197 0.17094017094017094 7217.775 1
11.059380597014925 0.34624766355140185 0.1970260223048327 0.0037174721189591076 1.3592162998217452 0.7170918693429968 0.0 0.16459627329192547 5924.3 0
186.75720744680854 0.37424666666666667 0.164021164021164 0.010582010582010581 1.2040598640839262 0.6572194688499458 0.0 0.16 70219.975 0
3.4084156976744184 0.32382181818181816 0.30144927536231886 0.04927536231884058 1.2003205642104147 0.48318514330639806 1.1153846979141202 0.06504065040650407 1365.7379999999998 0
85.54260084033614 0.31436252189141856 0.23636363636363636 0.03076923076923077 0.20541551070553907 0.11288722392951672 0.15686275064945202 0.028532608695652172 122137.79000000001 1
