0.8577530864197531 0.295453125 0.0975609756097561 0.024390243902439025 1.0 0.0 1.0 0.012048192771084338 69.478 1
1.1077116104868914 0.26628638497652585 0.11940298507462686 0.048507462686567165 0.75 0.7071067811865476 1.0 0.028985507246376812 558.543 0
1.995193281938326 0.21745936639118457 0.1337369290038525 0.01100715465052284 0.6708860759493671 0.7289176906039735 0.0 0.041666666666666664 6801.952 2
1.6614816364481637 0.19901918604651164 0.09944237918215613 0.011617100371747211 0.9846153846153847 0.279078152825719 1.0 0.02931889941362201 7123.321 2
3.0704217347956133 0.2210349127182045 0.11254980079681275 0.02888446215139442 1.0769230769230769 0.3922322702763681 1.0 0.02524271844660194 5992.116 0
3.951030837004405 0.26491460055096416 0.06593406593406594 0.0 1.0 0.0 1.0 0.010869565217391304 3259.679 1
12.47777 0.36248125 0.0945273631840796 0.014925373134328358 0.37037037037037035 0.6233293534553828 0.0 0.21176470588235294 4787.139999999999 2
9.527832335329341 0.33150936329588016 0.07761194029850746 0.005970149253731343 0.9166666666666666 0.28867513459481287 1.0 0.0345821325648415 6326.262 0
37.10333333333333 0.2390595238095238 0.0759493670886076 0.012658227848101266 0.9333333333333333 0.45773770821706344 1.0 0.045317220543806644 23327.161 0
3.919746987951807 0.27525757575757576 0.059880239520958084 0.0658682634730539 1.0 0.0 1.0 0.011834319526627219 650.858 0
19.85119298245614 0.30675735294117645 0.12790697674418605 0.011627906976744186 0.8 0.4472135954999579 1.0 0.02824858757062147 6758.3009999999995 0
0.8360906593406593 0.24060137457044672 0.14246575342465753 0.00821917808219178 0.9090909090909091 0.30151134457776363 1.0 0.02925531914893617 509.846 -2
3.721869760479042 0.27344569288389514 0.11061285500747384 0.01943198804185351 0.9411764705882353 0.3429971702850177 1.0 0.04836415362731152 4336.968 1
5.0920740131578945 0.2259423868312757 0.11658456486042693 0.006568144499178982 1.0625 0.4425306015783918 1.0 0.0256 5860.612 0
9.536272040302267 0.23729652996845427 0.052763819095477386 0.020100502512562814 1.3333333333333333 0.5773502691896257 1.0 0.007481296758104738 4872.280000000001 0
2.342528401585205 0.22092568125516102 0.08448844884488449 0.018481848184818482 0.9 0.30779350562554625 1.0 0.013029315960912053 5641.576 0
1.6468101616628175 0.20789665127020784 0.09279778393351801 0.01061865189289012 1.0 0.19611613513818404 1.0 0.023884632717440287 7127.504 0
2.0400961538461537 0.22758848797250858 0.07549759780370624 0.014413177762525738 0.9166666666666666 0.280305955290694 1.0 0.024112525117213665 5629.044 0
2.248966769230769 0.23348923076923078 0.08179581795817958 0.02952029520295203 0.9230769230769231 0.3922322702763681 1.0 0.015738498789346248 7113.594 2
1.9460857142857142 0.2285357142857143 0.07974137931034483 0.02209051724137931 1.15 0.36634754853252327 1.0 0.010660980810234541 6376.602 2
89.83281132075471 0.2555 0.102803738317757 0.037383177570093455 1.0 0.0 1.0 0.01834862385321101 9523.84 0
17.00375 0.23930714285714286 0.0903954802259887 0.005649717514124294 1.0 0.0 1.0 0.0056179775280898875 2992.66 0
37.291970779220776 0.20408943089430895 0.19093851132686085 0.009708737864077669 1.0 0.0 1.0 0.01592356687898089 18165.571 0
3.3847484008528785 0.21812666666666666 0.0724174653887114 0.01703940362087327 1.0 0.34641016151377546 1.0 0.051515151515151514 6295.822 2
2.662326710816777 0.22796408839779006 0.09911894273127753 0.011013215859030838 1.0 0.0 1.0 0.015184381778741865 2109.559 1
1.9104057809894386 0.21871091035441279 0.1438888888888889 0.022222222222222223 1.0833333333333333 0.28232985128663995 1.0 0.013157894736842105 6671.533 0
2.160021779713752 0.20885836575875485 0.10820895522388059 0.00808457711442786 1.1428571428571428 0.36313651960128146 1.0 0.008631319358816275 6805.73 2
2.6736509146341465 0.2150916030534351 0.1141552511415525 0.0060882800608828 1.0 0.0 1.0 0.006051437216338881 2690.168 1
1.7508613030602171 0.21599197530864198 0.13961519486926494 0.008386778490379871 1.0 0.42008402520840293 1.0 0.01697381183317168 6900.493 0
3.295738712776177 0.22804326923076923 0.1276391554702495 0.011516314779270634 1.0476190476190477 0.3842122429322726 1.0 0.01975540921919097 6229.9490000000005 0
73.04150561797753 0.4184929577464789 0.25555555555555554 0.022222222222222223 1.3333333333333333 0.5773502691896257 1.0 0.03225806451612903 6767.450000000001 0
37.488059523809525 0.2852089552238806 0.10588235294117647 0.011764705882352941 1.3333333333333333 0.5773502691896257 1.0 0.03409090909090909 5646.7970000000005 0
10.083545454545455 0.38405208333333335 0.1721311475409836 0.0 0.8333333333333334 0.408248290463863 1.0 0.046875 2414.1989999999996 0
63.04316666666667 0.2665 0.10989010989010989 0.06593406593406594 1.0 0.0 1.0 0.042105263157894736 5698.286 0
1.8105075075075074 0.22413157894736843 0.1497005988023952 0.029940119760479042 1.0 0.0 1.0 0.0029850746268656717 602.899 0
4.275620474406991 0.248590625 0.17206982543640897 0.008728179551122194 1.1428571428571428 0.3779644730092272 1.0 0.00865265760197775 5546.092000000001 0
0.3379615384615385 0.17360240963855422 0.20952380952380953 0.0 2.0 0.0 2.0 0.009433962264150943 35.148 0
2.105601926163724 0.22611044176706827 0.08653846153846154 0.01282051282051282 1.0 0.5773502691896257 1.0 0.02040816326530612 2389.169 -2
3.3626981132075473 0.3247637795275591 0.14375 0.05 1.5 0.5477225575051661 1.0 0.03614457831325301 890.39 1
3.7349650537634407 0.2640655462184874 0.1342281879194631 0.009395973154362415 1.0909090909090908 0.4264014327112209 1.0 0.028683181225554105 4905.1900000000005 -2
1.6618082901554403 0.29415546558704453 0.08090614886731391 0.016181229773462782 0.95 0.3940344628262062 1.0 0.012779552715654952 4809.02 -2
2.719664329535495 0.2961425438596491 0.11033274956217162 0.03415061295971979 0.7931034482758621 0.5851561701773919 1.0 0.04833333333333333 6024.818 -2
1.6391972884525479 0.25173524254821744 0.10560747663551402 0.017289719626168223 0.9420289855072463 0.3790102424122169 1.0 0.03123585332729742 6892.058999999999 1
2.6217725225225226 0.2438131455399061 0.11177794448612154 0.007501875468867217 1.105263157894737 0.45883146774112354 1.0 0.014053254437869823 6908.145 -2
2.4124156916724018 0.2445671256454389 0.09972489683631362 0.013067400275103164 1.0666666666666667 0.5208304597621879 1.0 0.02021563342318059 6991.959 0
0.9098527607361964 0.2504153846153846 0.23780487804878048 0.0 0.75 0.5 1.0 0.023809523809523808 171.62800000000001 -2
28.945825 0.443765625 0.1728395061728395 0.0 1.0 0.0 1.0 0.024096385542168676 3596.0240000000003 1
7.8172411764705885 0.31019117647058825 0.14619883040935672 0.005847953216374269 1.25 0.5 1.0 0.022857142857142857 2435.684 -2
1.579050209205021 0.3969109947643979 0.0375 0.029166666666666667 1.0 0.0 1.0 0.012345679012345678 640.073 -2
14.272847619047619 0.23182738095238095 0.04265402843601896 0.0 1.25 0.5 1.0 0.018604651162790697 5935.244 0
6.114081300813008 0.2950178117048346 0.0872210953346856 0.030425963488843813 1.0 0.4264014327112209 1.0 0.023762376237623763 5558.534 1
0.8401426056338028 0.21551872246696036 0.22515391380826738 0.019349164467897976 1.08 0.4 1.0 0.021514629948364887 1634.571 1
2.155728 0.21730214285714286 0.11364934323243861 0.0057110222729868645 1.0869565217391304 0.2881040655200304 1.0 0.012965050732807215 5640.327 0
3.8653992015968064 0.260745 0.035856573705179286 0.00597609561752988 1.0909090909090908 0.30151134457776363 1.0 0.021442495126705652 3856.531 0
3.8216965742251223 0.2354816326530612 0.07654723127035831 0.011400651465798045 1.0 0.4472135954999579 1.0 0.0176 4643.835 0
3.8125018248175184 0.2384337899543379 0.08743169398907104 0.00546448087431694 1.375 0.5175491695067657 1.0 0.01436265709156194 3944.1990000000005 0
8.377668997668998 0.23644314868804664 0.08372093023255814 0.013953488372093023 1.2 0.4472135954999579 1.0 0.011494252873563218 6563.112999999999 0
2.105017908309456 0.23897670250896058 0.06513958482462419 0.006442376521116679 1.05 0.3940344628262062 1.0 0.014114326040931546 5839.562 0
21.359345565749233 0.36126436781609195 0.13719512195121952 0.0 0.8571428571428571 0.3779644730092272 1.0 0.020895522388059702 7095.593000000001 -2
464.7591818181818 0.3915 0.0449438202247191 0.011235955056179775 1.0 0.6666666666666666 1.0 0.10101010101010101 40924.458 -2
5.589896907216494 0.2624043010752688 0.09090909090909091 0.012006861063464836 1.0 0.0 1.0 0.01353637901861252 4075.63 1
6.726635220125786 0.2640708661417323 0.08125 0.0125 1.0 0.0 1.0 0.012345679012345678 1072.45 0
32.95269444444445 0.3204 0.1310344827586207 0.0 1.0 0.0 1.0 0.02027027027027027 4753.0380000000005 -2
8.049750943396226 0.2693679245283019 0.05263157894736842 0.0 1.0 0.0 1.0 0.03272727272727273 4099.976000000001 -2
10.148357142857144 0.3479896907216495 0.13150684931506848 0.0 1.0 0.0 1.0 0.005449591280653951 3869.7509999999997 -2
2.202522431259045 0.36049954751131225 0.1012292118582791 0.009399855386840203 0.9777777777777777 0.3982284000242305 1.0 0.031512605042016806 5914.887000000001 0
271.44514457831326 0.44162121212121214 0.09523809523809523 0.03571428571428571 1.0 0.816496580927726 1.0 0.045454545454545456 42845.429000000004 -2
4.539036734693878 0.42170068027210883 0.12635869565217392 0.006793478260869565 0.989010989010989 0.43447300119430754 1.0 0.11003627569528417 6373.655000000001 -2
78.23388571428572 0.8539464285714286 0.14084507042253522 0.028169014084507043 1.1818181818181819 0.6030226891555273 1.0 0.13414634146341464 10949.942 0
20.576285714285714 0.396 0.011834319526627219 0.0 1.0833333333333333 0.28867513459481287 1.0 0.06629834254143646 6555.349 -2
0.6391428571428571 0.2963571428571429 0.0 0.0 0.5 0.5477225575051661 0.0 0.05357142857142857 133.263 -2
6.516604118993135 0.25486819484240686 0.05251141552511415 0.0091324200913242 1.0 0.0 1.0 0.02666666666666667 5437.889999999999 -2
5.8063607907743 0.27630721649484535 0.09210526315789473 0.019736842105263157 1.0 0.3333333333333333 1.0 0.030303030303030304 6624.857 -2
15.770325123152709 0.37919753086419755 0.0784313725490196 0.0 0.8235294117647058 0.7276068751089989 1.0 0.07692307692307693 4650.476000000001 0
3.1644609929078014 0.3485982142857143 0.08450704225352113 0.007042253521126761 1.0 0.3535533905932738 1.0 0.1069182389937107 865.454 0
3.354633903133903 0.30589126559714797 0.09246088193456614 0.002844950213371266 1.027027027027027 0.7988354887823512 1.0 0.05 4687.317 0
3.3862465408805034 0.3431635220125786 0.13693467336683418 0.00628140703517588 1.1029411764705883 0.46165522711971263 1.0 0.0787037037037037 4626.603 1
61.53387387387387 0.5954772727272727 0.026785714285714284 0.017857142857142856 2.0 0.0 2.0 0.008849557522123894 6830.26 -2
7.26253804347826 0.27212925170068025 0.11891891891891893 0.005405405405405406 1.0 0.6324555320336759 1.0 0.031413612565445025 1614.288 1
9.796586419753087 0.40237451737451735 0.12 0.006153846153846154 1.05 0.3940344628262062 1.0 0.057971014492753624 6346.814 -2
22.081258333333334 0.391625 0.21487603305785125 0.0 1.2 0.4472135954999579 1.0 0.03968253968253968 5258.5470000000005 -2
29.660265486725663 0.4592777777777778 0.008771929824561403 0.03508771929824561 1.0 0.0 1.0 0.14285714285714285 6374.882 1
73.50730344827586 0.3044396551724138 0.0958904109589041 0.0 0.9 0.31622776601683794 1.0 0.0641025641025641 21243.586 1
6.783227272727273 0.28101420454545456 0.06349206349206349 0.009070294784580499 0.7916666666666666 0.5089773777040515 1.0 0.05161290322580645 4013.126 -2
7.697487528344672 0.3155625 0.3733031674208145 0.01809954751131222 1.1020408163265305 0.3058388709205983 1.0 0.09979633401221996 6783.655000000001 -2
3.5590567226890757 0.2957766097240473 0.07345225603357818 0.00944386149003148 1.0617283950617284 0.6193883880963881 1.0 0.07833655705996131 6727.153 -2
3.32056 0.25740833333333335 0.11920529801324503 0.0 1.0 0.0 1.0 0.006578947368421052 498.084 0
1.6510408333333333 0.26060833333333333 0.07826810990840966 0.011656952539550375 1.0317460317460319 0.3094351757770802 1.0 0.049841772151898736 3747.237 0
2.4039299847792996 0.3129372026641294 0.06311787072243347 0.0045627376425855515 1.0 0.1796053020267749 1.0 0.045718432510885344 6156.424 0
313.03576923076923 0.46388709677419354 0.05063291139240506 0.0 1.0 0.0 1.0 0.05952380952380952 30658.274 1
136.24543333333332 0.40439583333333334 0.03305785123966942 0.024793388429752067 0.9230769230769231 0.2773500981126146 1.0 0.09701492537313433 32267.453 0
16.527606986899563 0.39304918032786884 0.06086956521739131 0.013043478260869565 1.0714285714285714 0.2672612419124244 1.0 0.05737704918032787 5396.613 0
33.25663559322034 0.4338404255319149 0.13445378151260504 0.03361344537815126 0.8947368421052632 0.45883146774112354 1.0 0.13768115942028986 7810.402 0
6.896084632516703 0.2911727019498607 0.07111111111111111 0.0022222222222222222 1.025 0.2761920550668525 1.0 0.08163265306122448 6133.125 0
18.43281 0.3789625 0.1188118811881188 0.0 1.0909090909090908 0.30151134457776363 1.0 0.09821428571428571 3637.59 -2
4.936110878661088 0.267630890052356 0.09812108559498957 0.0 1.1428571428571428 0.3779644730092272 1.0 0.01440329218106996 4446.269 0
25.168077464788734 0.2510353982300885 0.1048951048951049 0.02097902097902098 1.0 0.7071067811865476 1.0 0.033783783783783786 3906.5 0
5.9104523396880415 0.2347006507592191 0.05536332179930796 0.00865051903114187 1.0 0.3333333333333333 1.0 0.031825795644891124 6784.77 0
2.7442453531598514 0.22445581395348838 0.07407407407407407 0.007407407407407408 1.0 0.0 1.0 0.01818181818181818 1035.721 0
1.9833209219858157 0.2704249815225425 0.09450679267572357 0.01299468399291199 0.9746835443037974 0.31924122959676804 1.0 0.044582392776523705 6583.259 0
3.849270072992701 0.21835332464146023 0.065625 0.017708333333333333 1.0357142857142858 0.1889822365046136 1.0 0.02834008097165992 6973.1720000000005 0
5.112967409948542 0.21263304721030044 0.09931506849315068 0.017123287671232876 1.0 0.0 1.0 0.01517706576728499 4863.557 1
1.2619038961038962 0.2003758116883117 0.08565866320571058 0.011680726800778715 1.037037037037037 0.3375797890278889 1.0 0.01721938775510204 3884.244 1
17.744096774193547 0.2640067567567568 0.03208556149732621 0.0 1.0 0.0 1.0 0.005319148936170213 3300.402 0
21.64937724550898 0.23313533834586467 0.07142857142857142 0.005952380952380952 1.0 0.0 1.0 0.005917159763313609 3615.446 0
3.6182348703170026 0.22447387387387388 0.11079136690647481 0.014388489208633094 0.9230769230769231 0.49354811679282456 1.0 0.018361581920903956 4880.764999999999 0
127.34775903614458 0.22324242424242424 0.07142857142857142 0.0 1.0 0.0 1.0 0.023255813953488372 10572.356 0
5.044897249190939 0.2072004048582996 0.13662085691188358 0.012934518997574777 1.1666666666666667 0.3834824944236852 1.0 0.014342629482071713 9161.01 -2
4.043565031982943 0.21317333333333333 0.10638297872340426 0.019148936170212766 1.0 0.0 1.0 0.010526315789473684 2564.7960000000003 1
12.978181818181818 0.2263696682464455 0.10943396226415095 0.0037735849056603774 1.0 0.0 1.0 0.0037593984962406013 3426.24 -2
11.992896373056995 0.25487012987012986 0.10824742268041238 0.0 1.0 0.0 1.0 0.005128205128205128 2314.629 0
1.3959228962818004 0.19534686888454011 0.09233176838810642 0.012128325508607199 1.15 0.36634754853252327 1.0 0.007763975155279503 6580.706 0
5.229205539358601 0.198514598540146 0.0975254730713246 0.008733624454148471 2.0 0.0 2.0 0.0014534883720930232 3587.235 -2
1.8226180802437786 0.20578349206349206 0.0649746192893401 0.018781725888324875 1.0869565217391304 0.2881040655200304 1.0 0.01154039136979428 6770.889 1
2.03830567419158 0.19981540808543097 0.07682926829268293 0.00853658536585366 1.0 0.3333333333333333 1.0 0.011452682338758288 4588.764999999999 1
8.338768867924529 0.22318879056047197 0.042352941176470586 0.018823529411764704 1.0 0.0 1.0 0.011627906976744186 6217.866 0
87.82082266009853 0.24838888888888888 0.13725490196078433 0.014705882352941176 1.0 0.0 1.0 0.019230769230769232 17944.496 0
3.971033386327504 0.23245328031809145 0.0761904761904762 0.0015873015873015873 1.04 0.4546060565661952 1.0 0.03816793893129771 4985.319 0
8.090604545454545 0.2077159090909091 0.09070294784580499 0.0045351473922902496 1.0 0.0 1.0 0.006756756756756757 3630.562 0
23.980026315789473 0.21217355371900826 0.05228758169934641 0.0 1.0 0.0 1.0 0.012903225806451613 3704.326 2
1.52769373549884 0.2049240139211137 0.08487940630797773 0.0055658627087198514 1.1290322580645162 0.42754613660367835 1.0 0.01417466849565615 6365.323 2
2.4164857142857143 0.22732142857142856 0.10795454545454546 0.03409090909090909 1.0 0.0 1.0 0.011235955056179775 647.669 0
4.010114249037227 0.21447512038523275 0.09743589743589744 0.046153846153846156 0.30303030303030304 0.5294365215047317 0.0 0.04059040590405904 5392.643 0
3.934609501738123 0.20868260869565217 0.09375 0.019675925925925927 0.4166666666666667 0.5036101551853348 0.0 0.02702702702702703 5580.355 0
2.008375821287779 0.20635414954806902 0.0623768877216021 0.028233749179251477 1.1 0.30779350562554625 1.0 0.012961762799740765 5576.836 0
13.173055350553506 0.22769907407407408 0.0661764705882353 0.014705882352941176 0.6666666666666666 0.5773502691896257 1.0 0.01090909090909091 6174.584000000001 2
1.7387589324149806 0.22182400430570506 0.09208261617900172 0.0068846815834767644 0.96 0.282842712474619 1.0 0.02106149957877001 6784.079 0
1.4016995820271683 0.20061136512083605 0.08407310704960835 0.005221932114882507 1.0303030303030303 0.46669372215943755 1.0 0.016940451745379878 5263.124 2
1.512 0.24203603603603605 0.03571428571428571 0.007142857142857143 0.9 0.31622776601683794 1.0 0.06666666666666667 303.269 0
31.667603174603176 0.28402 0.14960629921259844 0.0 1.0 0.0 1.0 0.0078125 3990.118 2
1.8566098104793756 0.2225076708507671 0.06904231625835189 0.013363028953229399 1.0833333333333333 0.5149286505444373 1.0 0.013186813186813187 2015.754 0
2.246872354073124 0.20461908580593424 0.09102564102564102 0.007692307692307693 1.1578947368421053 0.3746343246326776 1.0 0.012032932235592146 4907.62 0
1.3814315403422983 0.20685939887926644 0.1230142566191446 0.009368635437881873 0.98 0.552914356581818 1.0 0.01996007984031936 4898.559 0
1.65261328125 0.23426960784313725 0.08171206225680934 0.0 1.0 0.0 1.0 0.03018867924528302 829.859 0
10.386519402985074 0.2522425373134328 0.11904761904761904 0.005952380952380952 1.0 0.0 1.0 0.023255813953488372 5275.0470000000005 1
5.229107575757576 0.18398106060606062 0.0680786686838124 0.006051437216338881 1.0 0.0 1.0 0.0015105740181268882 3451.211 1
0.8297264150943396 0.25135714285714283 0.11214953271028037 0.018691588785046728 1.0 0.0 1.0 0.009259259259259259 87.951 0
5.716983713355049 0.22035918367346938 0.032467532467532464 0.006493506493506494 0.75 0.5 1.0 0.01282051282051282 3505.4139999999998 1
1.792653826399589 0.19497109826589595 0.10831622176591375 0.01026694045174538 1.1379310344827587 0.3509312031717982 1.0 0.014668689934243804 6680.75 1
1.8270251046025103 0.2092962720732505 0.0982749607945635 0.014636696288552013 1.0588235294117647 0.4287464628562721 1.0 0.008808290155440414 4709.866 0
1.6762095006090134 0.1983155487804878 0.05596107055961071 0.0 1.0 0.0 1.0 0.0024271844660194173 1410.569 -2
78.84095121951219 0.23115384615384615 0.04819277108433735 0.04819277108433735 1.0 0.0 1.0 0.023529411764705882 6471.112999999999 0
24.815670520231215 0.1855072463768116 0.23563218390804597 0.0 1.6666666666666667 0.5773502691896257 2.0 0.01694915254237288 5659.523 0
0.8606483704974272 0.21281115879828327 0.13013698630136986 0.0 1.0625 0.4425306015783918 1.0 0.02666666666666667 975.855 2
0.8170730858468678 0.20297751994198696 0.08695652173913043 0.006956521739130435 1.1428571428571428 0.3779644730092272 1.0 0.0040415704387990765 1787.549 2
17.09183846153846 0.21875 0.061068702290076333 0.022900763358778626 1.0 0.0 1.0 0.015037593984962405 2224.1549999999997 0
39.575831578947366 0.2841184210526316 0.020833333333333332 0.0 1.0 0.0 1.0 0.02040816326530612 3766.1380000000004 0
2.361068493150685 0.21263793103448275 0.034013605442176874 0.034013605442176874 1.0 0.5345224838248488 1.0 0.05161290322580645 671.673 0
7.1756375 0.2197734375 0.14760914760914762 0.006237006237006237 0.9166666666666666 0.28867513459481287 1.0 0.02434077079107505 4824.531 0
1.944495585638611 0.21442678440029433 0.13705882352941176 0.011764705882352941 1.0476190476190477 0.3842122429322726 1.0 0.01220220801859384 6517.868 2
2.4900137283236994 0.20162330623306232 0.08086642599277978 0.005776173285198556 1.0 0.0 1.0 0.009298998569384835 6170.259 2
2.72705325443787 0.2046086956521739 0.07686622320768663 0.010347376201034738 1.0357142857142858 0.42879183045206665 1.0 0.020275162925416364 7344.865 2
1.2337366167023556 0.22153413654618473 0.12727272727272726 0.013903743315508022 1.1111111111111112 0.33333333333333337 1.0 0.009533898305084746 2206.7219999999998 2
39.575831578947366 0.2841184210526316 0.020833333333333332 0.0 1.0 0.0 1.0 0.02040816326530612 3766.1380000000004 0
2.361068493150685 0.21263793103448275 0.034013605442176874 0.034013605442176874 1.0 0.5345224838248488 1.0 0.05161290322580645 671.673 0
7.1756375 0.2197734375 0.14760914760914762 0.006237006237006237 0.9166666666666666 0.28867513459481287 1.0 0.02434077079107505 4824.531 0
3.2968306010928963 0.20819134396355354 0.1091901728844404 0.00818926296633303 1.125 0.3535533905932738 1.0 0.007226738934056007 6977.285 0
1.283679012345679 0.346125 0.1951219512195122 0.024390243902439025 0.6 0.5477225575051661 1.0 0.05747126436781609 196.601 1
6.811747572815534 0.2176951219512195 0.40384615384615385 0.028846153846153848 1.0 1.0 0.0 0.028037383177570093 1241.143 1
3.5756382488479264 0.24260086455331412 0.10586881472957423 0.009205983889528193 1.0 0.0 1.0 0.002296211251435132 5403.511 1
15.220726829268292 0.21136585365853658 0.2669902912621359 0.0 1.25 0.9574271077563381 2.0 0.01904761904761905 5655.378 1
9.245083333333334 0.239609375 0.012448132780082987 0.0 0.05263157894736842 0.22941573387056177 0.0 0.07307692307692308 2226.5460000000003 0
4.806886666666667 0.296575 0.06622516556291391 0.013245033112582781 0.75 0.5 1.0 0.025806451612903226 1111.422 0
1.5304196003805899 0.25118214285714285 0.10646387832699619 0.025665399239543727 0.875 0.6408699444616557 1.0 0.007547169811320755 2407.815 0
4.253744360902256 0.43327358490566037 0.029850746268656716 0.029850746268656716 1.0 0.0 1.0 0.007407407407407408 565.748 1
43.873363636363635 0.2691904761904762 0.10526315789473684 0.015037593984962405 1.0 0.0 1.0 0.007462686567164179 5791.284 0
11.949072853425847 0.26149132321041213 0.11351819757365685 0.008665511265164644 1.1538461538461537 0.3755338080994054 1.0 0.011139674378748929 27022.257 0
13.834817307692308 0.4080301204819277 0.019138755980861243 0.028708133971291867 0.6666666666666666 0.5773502691896257 1.0 0.014150943396226415 3093.888 0
9.890546153846154 0.26204326923076926 0.1839080459770115 0.01532567049808429 1.3333333333333333 1.2247448713915892 1.0 0.03333333333333333 5081.421 0
2.8986684684684683 0.2482927927927928 0.09532374100719425 0.019784172661870502 0.75 0.5 1.0 0.007142857142857143 2862.417 0
16.154228571428572 0.25073214285714285 0.12796208530805686 0.004739336492890996 1.0 0.5773502691896257 1.0 0.03211009174311927 4199.43 0
103.46206315789475 0.2638684210526316 0.125 0.020833333333333332 1.0 0.0 1.0 0.04 19657.363 0
1.385038888888889 0.2704097222222222 0.0055248618784530384 0.016574585635359115 1.5 0.7071067811865476 1.0 0.01092896174863388 443.26099999999997 0
77.27191578947368 0.27501315789473685 0.10416666666666667 0.0 1.0 0.0 1.0 0.02040816326530612 13508.639 0
4.782232258064516 0.2628104838709677 0.1607717041800643 0.003215434083601286 1.0 0.0 1.0 0.009554140127388535 2216.971 0
6.77902850877193 0.25088736263736267 0.087527352297593 0.00437636761487965 1.1428571428571428 0.3779644730092272 1.0 0.015086206896551725 6063.175 0
7.76331129476584 0.2508103448275862 0.10714285714285714 0.027472527472527472 1.5 0.7071067811865476 1.0 0.00546448087431694 3846.6769999999997 0
16.611199152542373 0.26143617021276594 0.02531645569620253 0.0379746835443038 1.0 0.0 1.0 0.008368200836820083 5600.473 0
21.32184210526316 0.25848529411764704 0.11046511627906977 0.0 0.5 0.7071067811865476 0.0 0.011494252873563218 3647.401 0
7.834140877598153 0.23821098265895954 0.08525345622119816 0.004608294930875576 1.0 0.0 1.0 0.0045871559633027525 3465.813 0
178.276125 0.21742105263157896 0.0 0.010309278350515464 1.0 0.0 1.0 0.039603960396039604 28772.957000000002 0
322.7476747572815 0.2418170731707317 0.1642512077294686 0.004830917874396135 1.3333333333333333 0.5773502691896257 1.0 0.014285714285714285 126984.37 0
18.2719125 0.2477109375 0.2670807453416149 0.006211180124223602 1.25 0.5 1.0 0.024242424242424242 3045.8959999999997 0
12.867755102040816 0.3943333333333333 0.010101010101010102 0.06060606060606061 1.0 0.0 1.0 0.019801980198019802 1423.074 -2
29.584838983050847 0.3274787234042553 0.14285714285714285 0.0 1.0 0.0 1.0 0.01652892561983471 3853.1059999999998 1
3.5461666666666667 0.7038955223880596 0.03529411764705882 0.10588235294117647 1.0 0.0 1.0 0.0449438202247191 517.376 2
214.85887951807229 0.3578939393939394 0.05952380952380952 0.011904761904761904 1.0 0.0 1.0 0.034482758620689655 17844.953 0
11.568159420289856 0.24507272727272728 0.10071942446043165 0.014388489208633094 1.0 0.0 1.0 0.02112676056338028 2033.254 0
7.468218637992831 0.22956053811659194 0.08571428571428572 0.02857142857142857 1.0 0.0 1.0 0.014084507042253521 2475.0699999999997 0
2.2068201160541587 0.2378401937046005 0.13513513513513514 0.009652509652509652 1.105263157894737 0.45883146774112354 1.0 0.035381750465549346 1807.898 0
0.7704867872044506 0.2645653685674548 0.1735261401557286 0.0052836484983314795 0.6015625 0.7025246233810548 1.0 0.034371643394199784 5415.23 0
2.5963885135135136 0.3651101694915254 0.13468013468013468 0.07407407407407407 1.0 0.0 1.0 0.016556291390728478 1131.753 0
17.861248322147652 0.29638655462184876 0.02 0.03333333333333333 0.8333333333333334 0.408248290463863 1.0 0.038461538461538464 4794.4400000000005 0
17.003864 0.25119 0.1111111111111111 0.007936507936507936 1.0 0.0 1.0 0.015625 2128.886 0
3.4189732142857143 0.27303668261562997 0.18471337579617833 0.0 1.1111111111111112 0.6009252125773316 1.0 0.011335012594458438 3002.627 2
5.602059782608696 0.27527891156462586 0.021621621621621623 0.016216216216216217 1.0 0.0 1.0 0.0106951871657754 1032.305 0
4.658511930585684 0.2492717391304348 0.18398268398268397 0.008658008658008658 0.9 0.31622776601683794 1.0 0.0211864406779661 2758.538 0
1.026775 0.472953125 0.09876543209876543 0.04938271604938271 1.0 0.0 1.0 0.012195121951219513 82.142 0
8.040018348623853 0.29002298850574715 0.11441647597254005 0.011441647597254004 0.8947368421052632 0.3153017676423058 1.0 0.041666666666666664 6810.739 -2
35.873200000000004 0.314609375 0.14814814814814814 0.012345679012345678 0.6666666666666666 0.5773502691896257 1.0 0.03571428571428571 2875.9570000000003 -2
1.9777103825136613 0.30535616438356167 0.15760869565217392 0.010869565217391304 1.1666666666666667 0.408248290463863 1.0 0.031578947368421054 674.751 2
1.8359115226337448 0.27717924528301885 0.025359835503769704 0.010966415352981495 0.989010989010989 0.18223949410386656 1.0 0.05870967741935484 5304.173000000001 2
3.2486521739130434 0.2474421768707483 0.21621621621621623 0.010810810810810811 1.0 0.0 1.0 0.036458333333333336 1016.9939999999999 0
19.662875 0.3298611111111111 0.0 0.021897810218978103 0.9090909090909091 0.30151134457776363 1.0 0.07432432432432433 2691.9719999999998 0
27.799377777777774 0.2700972222222222 0.022099447513812154 0.0 1.0 0.0 1.0 0.026881720430107527 9957.117 0
3.820712328767123 0.321013698630137 0.19398907103825136 0.04371584699453552 1.0 0.5547001962252291 1.0 0.03684210526315789 2732.05 0
11.214538653366583 0.298025 0.0945273631840796 0.017412935323383085 1.0 0.0 1.0 0.024271844660194174 4746.391 0
0.5370284900284901 0.3042934472934473 0.0774487471526196 0.015375854214123007 1.0146520146520146 0.22639593068690086 1.0 0.13454903893543618 1818.5430000000001 0
3.6148464730290457 0.30509375 0.03305785123966942 0.01652892561983471 0.96875 0.1767766952966369 1.0 0.11678832116788321 1727.355 0
0.9206447552447552 0.3032202797202797 0.03910614525139665 0.030726256983240222 1.0 0.0 1.0 0.02452316076294278 1046.7179999999998 0
10.4658625 0.29203515625 0.2554517133956386 0.021806853582554516 1.5 0.7071067811865476 1.0 0.006191950464396285 4703.9529999999995 0
1.2597566371681417 0.2904459833795014 0.0728476821192053 0.046357615894039736 1.0 0.0 1.0 0.01948051948051948 827.526 -2
0.4506544502617801 0.2394353518821604 0.1411764705882353 0.0 1.0 0.24253562503633297 1.0 0.04375 603.108 0
2.689658031088083 0.2819675324675325 0.12371134020618557 0.0 1.0625 0.4425306015783918 1.0 0.0761904761904762 1033.661 -2
1.1963672316384182 0.29719858156028367 0.056179775280898875 0.033707865168539325 1.25 0.5 1.0 0.02197802197802198 371.475 0
13.691999999999998 0.3174183673469388 0.14516129032258066 0.024193548387096774 1.0 0.6324555320336759 1.0 0.046153846153846156 3310.181 0
53.914959124087595 0.3562463503649635 0.13556851311953352 0.016034985422740525 1.0 0.0 1.0 0.022792022792022793 73851.08300000001 1
0.4376090909090909 0.31167045454545456 0.16216216216216217 0.02702702702702703 1.0 0.0 1.0 0.017699115044247787 72.089 0
0.4347530120481928 0.2696969696969697 0.03592814371257485 0.011976047904191617 1.0 0.0 1.0 0.03468208092485549 138.629 2
97.48845637583892 0.3028823529411765 0.06 0.006666666666666667 1.1666666666666667 0.408248290463863 1.0 0.038461538461538464 22792.981 -2
0.5856755555555555 0.2779111111111111 0.13274336283185842 0.008849557522123894 1.0 0.0 1.0 0.017391304347826087 256.767 0
5.168954773869347 0.25586792452830187 0.06 0.005 1.0 0.5773502691896257 1.0 0.033816425120772944 1087.51 0
0.7276842105263158 0.2694171656686627 0.052547770700636945 0.022292993630573247 1.0869565217391304 0.2881040655200304 1.0 0.03533026113671275 888.274 1
11.50724936868687 0.25068823993685874 0.07949526813880126 0.002523659305993691 0.9814814814814815 0.23718003199072704 1.0 0.03294691885295912 36345.091 1
0.44461068702290074 0.28415384615384615 0.022727272727272728 0.015151515151515152 1.0 0.0 1.0 0.0364963503649635 77.015 1
366.37156250000004 0.34375 0.04938271604938271 0.024691358024691357 1.0 0.0 1.0 0.03571428571428571 35999.490999999995 1
17.967545454545455 0.22957954545454545 0.32432432432432434 0.018018018018018018 1.0 0.0 1.0 0.017699115044247787 1979.565 0
4.099817518248176 0.26747706422018347 0.021739130434782608 0.0 1.0 0.0 1.0 0.028169014084507043 568.102 0
13.807355721393034 0.2519127725856698 0.13895781637717122 0.022332506203473945 1.0 0.3651483716701107 1.0 0.03818615751789976 5734.803 2
4.783960372960373 0.27368221574344026 0.046511627906976744 0.02558139534883721 0.9565217391304348 0.20851441405707477 1.0 0.05077262693156733 4082.068 0
382.2488913043478 0.3167945205479452 0.0967741935483871 0.03225806451612903 1.0 0.0 1.0 0.010638297872340425 35166.898 0
20.5288125 0.24523463687150837 0.10022271714922049 0.004454342984409799 1.0869565217391304 0.41702882811414954 1.0 0.048728813559322036 12691.967 1
45.03373983739838 0.17505102040816325 0.49193548387096775 0.016129032258064516 1.0 0.0 1.0 0.015873015873015872 5563.0509999999995 0
3.2540272108843538 0.2408205128205128 0.07432432432432433 0.0 1.0 0.0 1.0 0.019867549668874173 523.057 0
132.50174897119342 0.3067835051546392 0.05737704918032787 0.020491803278688523 0.9230769230769231 0.2773500981126146 1.0 0.05058365758754864 64321.515 0
2.5490450160771707 0.3532903225806452 0.11858974358974358 0.028846153846153848 1.0 0.0 1.0 0.018867924528301886 1375.683 0
34.77979545454545 0.39637142857142854 0.011235955056179775 0.0449438202247191 1.0 0.0 1.0 0.011111111111111112 3060.622 1
13.089029304029303 0.2758577981651376 0.09854014598540146 0.025547445255474453 1.0 0.0 1.0 0.02491103202846975 6550.657999999999 0
100.96843859649124 0.2765274725274725 0.12173913043478261 0.017391304347826087 0.9166666666666666 0.28867513459481287 1.0 0.09448818897637795 12844.239 2
12.300962099125364 0.265014598540146 0.034934497816593885 0.002911208151382824 0.9782608695652174 0.14744195615489714 1.0 0.06275579809004093 16860.608999999997 0
5.231740740740741 0.33880653950953676 0.1956521739130435 0.030434782608695653 1.3333333333333333 0.5773502691896257 1.0 0.0064794816414686825 3000.3230000000003 0
2.4558181818181817 0.2764196428571429 0.048020765736534715 0.016223231667748216 1.02 0.24660966430902956 1.0 0.03142677561282212 7495.35 2
11.154494809688583 0.2812727272727273 0.06206896551724138 0.013793103448275862 1.1428571428571428 0.3779644730092272 1.0 0.02356902356902357 4106.816 2
0.33855833333333335 0.2679166666666667 0.03305785123966942 0.0 0.9166666666666666 0.28867513459481287 1.0 0.09022556390977443 78.19300000000001 0
9.862578313253012 0.2873718592964824 0.036 0.008 1.0 0.0 1.0 0.038461538461538464 2593.302 0
3.0355935828877003 0.2669030100334448 0.10329474621549421 0.005342831700801425 0.9807692307692307 0.24175701748921175 1.0 0.04425531914893617 6787.737 0
152.44550793650794 0.27351624548736464 0.09221902017291066 0.005763688760806916 1.0 0.0 1.0 0.018387553041018388 106154.427 1
1.1899392523364485 0.264140350877193 0.004651162790697674 0.0 1.0 0.0 1.0 0.009216589861751152 260.611 -2
144.4393907284768 0.2835416666666667 0.13157894736842105 0.0 1.0 0.0 1.0 0.006535947712418301 21810.348 1
4.068392452830189 0.3101698113207547 0.15413533834586465 0.022556390977443608 1.0 0.0 1.0 0.007462686567164179 1083.047 0
26.65080229226361 0.31455913978494626 0.10571428571428572 0.011428571428571429 1.1 0.31622776601683794 1.0 0.027777777777777776 17599.478 0
1.0051630434782608 0.19158904109589042 0.3655913978494624 0.0 1.0 0.0 1.0 0.021052631578947368 96.115 0
1.7533172043010752 0.25218243243243244 0.32085561497326204 0.0213903743315508 1.0 0.0 1.0 0.010582010582010581 601.348 0
3.918 0.316285 0.24302788844621515 0.00796812749003984 1.3333333333333333 0.5773502691896257 1.0 0.011811023622047244 1508.664 1
2.753220588235294 0.2698333333333333 0.0948905109489051 0.029197080291970802 1.0 0.0 1.0 0.014388489208633094 446.687 0
110.31606086956522 0.3680652173913044 0.02586206896551724 0.017241379310344827 1.0 0.0 1.0 0.008547008547008548 12686.347 2
8.567628676470589 0.32243317972350233 0.07326007326007326 0.014652014652014652 1.0 0.0 1.0 0.028469750889679714 3754.383 0
148.5455078125 0.24604901960784314 0.4573643410852713 0.0 1.0 0.0 1.0 0.015267175572519083 19532.591 0
88.43377570093458 0.2754 0.12962962962962962 0.009259259259259259 1.0 0.0 1.0 0.02702702702702703 9676.358 -2
12.39417261904762 0.38914179104477614 0.11834319526627218 0.029585798816568046 1.0 0.0 1.0 0.05056179775280899 2815.409 0
12.742324074074075 0.28275581395348837 0.02304147465437788 0.03686635944700461 1.0 0.0 1.0 0.0045871559633027525 2752.342 0
39.77142105263158 0.2853353293413174 0.1 0.009523809523809525 0.8571428571428571 0.3779644730092272 1.0 0.03225806451612903 8620.555 1
249.53493076923078 0.30041346153846155 0.007633587786259542 0.0 1.0 0.0 1.0 0.007575757575757576 32439.541 1
5.599464052287582 0.3266680327868852 0.08794788273615635 0.013029315960912053 0.9166666666666666 0.28867513459481287 1.0 0.03761755485893417 3114.608 1
4.0014070351758795 0.21517610062893083 0.235 0.0 1.0 0.0 1.0 0.009900990099009901 797.717 1
92.94249019607844 0.25968852459016395 0.006493506493506494 0.0 1.0 0.0 1.0 0.02531645569620253 28318.023 1
0.41790625 0.23200980392156864 0.17054263565891473 0.0 1.0 0.0 1.0 0.051470588235294115 102.919 1
0.49809677419354836 0.26471717171717174 0.08 0.016 1.0 0.0 1.0 0.0234375 118.54599999999999 1
14.784789795918366 0.25489285714285714 0.13034623217922606 0.002036659877800407 1.0833333333333333 0.28867513459481287 1.0 0.02385685884691849 13487.545999999998 1
402.91254285714285 0.3047261904761905 0.009433962264150943 0.009433962264150943 1.0 0.0 1.0 0.018518518518518517 42307.814000000006 1
5.705051282051282 0.2653846153846154 0.04081632653061224 0.0 0.8888888888888888 0.33333333333333337 1.0 0.04390243902439024 1588.6029999999998 1
18.408263392857144 0.2523296089385475 0.0 0.0 1.0714285714285714 0.2672612419124244 1.0 0.058577405857740586 8244.447 1
1.0619750000000001 0.2512755681818182 0.011337868480725623 0.0 1.0 0.3922322702763681 1.0 0.03076923076923077 863.442 1
17.33685062893082 0.2591496062992126 0.05337519623233909 0.01098901098901099 1.0 0.3333333333333333 1.0 0.028963414634146343 11674.351999999999 1
6.583699999999999 0.25705424528301885 0.03954802259887006 0.007532956685499058 0.9523809523809523 0.2182178902359924 1.0 0.03804347826086957 6938.643 1
3.2868506097560974 0.27719274809160305 0.0852359208523592 0.0045662100456621 1.0 0.2773500981126146 1.0 0.039473684210526314 2961.421 1
1.7984989406779661 0.2725403973509934 0.0962962962962963 0.02433862433862434 1.0 0.0 1.0 0.021739130434782608 3231.977 -2
11.26118085106383 0.3281966666666667 0.29708222811671087 0.0 0.7222222222222222 0.6691131580686884 1.0 0.04556962025316456 7347.156999999999 1
4.878777777777778 0.29424 0.03937007874015748 0.007874015748031496 1.0 0.0 1.0 0.03787878787878788 647.74 1
6.725 0.32042 0.06349206349206349 0.031746031746031744 1.125 0.3535533905932738 1.0 0.03076923076923077 3068.395 1
20.28803867403315 0.22425 0.06043956043956044 0.0 1.25 0.5 1.0 0.021505376344086023 7322.469 1
0.9177842356687897 0.24366235059760957 0.03579952267303103 0.0 1.0217391304347827 0.33260790628557146 1.0 0.035303146584804296 2292.656 1
5.7313742690058485 0.25513658536585365 0.042801556420233464 0.01556420233463035 0.96875 0.1767766952966369 1.0 0.05860805860805861 3550.8950000000004 1
323.2671182795699 0.31098648648648647 0.23404255319148937 0.0 1.0 0.0 1.0 0.06930693069306931 59433.746 0
8.447130221130221 0.2538 0.20833333333333334 0.022058823529411766 1.0701754385964912 0.45746385972816855 1.0 0.12258064516129032 6186.003000000001 2
5.132789548022599 0.22836572438162545 0.18899858956276447 0.00846262341325811 1.0238095238095237 0.4679011380933327 1.0 0.0559254327563249 7265.7119999999995 0
7.617777011494253 0.26507758620689653 0.19954128440366972 0.0022935779816513763 1.1162790697674418 0.32435300622428814 1.0 0.08977035490605428 6613.258 1
1.9129202185792349 0.19334426229508198 0.20305676855895197 0.0032751091703056767 1.0886075949367089 0.36479264984025495 1.0 0.07939698492462312 3486.4579999999996 0
7.441150326797386 0.231291553133515 0.24347826086956523 0.010869565217391304 0.9746835443037974 0.5304735075021522 1.0 0.14656771799628943 6829.406999999999 2
2.0230345188284518 0.20065968586387434 0.21839080459770116 0.01044932079414838 0.62 0.5674864018868916 1.0 0.04965243296921549 3852.107 1
4.285427390791027 0.20336484490398818 0.17452830188679244 0.008254716981132075 1.078125 0.4103690750748377 1.0 0.07017543859649122 7256.782999999999 -2
4.842728291316527 0.22718213660245185 0.1958041958041958 0.006993006993006993 1.0238095238095237 0.4650739150008613 1.0 0.10513141426783479 6743.862 0
1.1275943396226416 0.27316666666666667 0.19626168224299065 0.028037383177570093 1.1666666666666667 0.5773502691896257 1.0 0.10084033613445378 235.921 0
6.536801869158878 0.22653271028037383 0.20335820895522388 0.011194029850746268 1.0 0.2581988897471611 1.0 0.054673721340388004 6939.439 -2
7.202764127764128 0.27359076923076925 0.08823529411764706 0.004901960784313725 1.0 0.3287979746107146 1.0 0.08520179372197309 5848.37 -2
110.74551041666666 0.27982894736842107 0.1134020618556701 0.0 0.8888888888888888 0.5829830881301374 1.0 0.1565217391304348 19996.167 0
0.6783316221765914 0.21914120667522466 0.32205128205128203 0.006153846153846154 0.975 0.5260044413015041 1.0 0.1095890410958904 1270.47 1
6.3972781690140845 0.2144273127753304 0.30526315789473685 0.0 0.9622641509433962 0.5533903946423703 1.0 0.15680473372781065 3633.702 -2
10.639769736842107 0.25346280991735537 0.1111111111111111 0.0196078431372549 1.0 0.0 1.0 0.06707317073170732 3187.291 0
106.33319318181817 0.19427142857142857 0.11235955056179775 0.0 1.0 1.0 0.0 0.03260869565217391 9359.655 0
0.1853627450980392 0.13455555555555557 0.33980582524271846 0.0 1.5 0.7071067811865476 1.0 0.01904761904761905 36.083 2
7.656656903765691 0.1990366492146597 0.3375 0.0 1.125 0.3535533905932738 1.0 0.03225806451612903 3651.1059999999998 1
19.85271857923497 0.5299554794520548 0.1226158038147139 0.13896457765667575 1.0810810810810811 0.4332293707583636 1.0 0.09158415841584158 7973.051 0
2.0932884012539184 0.3395549019607843 0.15023474178403756 0.06572769953051644 1.0188679245283019 0.4155888333129943 1.0 0.07658959537572255 2667.9660000000003 1
556.0799625 0.27625 0.25925925925925924 0.0 1.1111111111111112 0.3233808333817773 1.0 0.18181818181818182 62960.577999999994 0
124.5573448275862 0.5203333333333333 0.07954545454545454 0.125 1.0833333333333333 0.28867513459481287 1.0 0.12 17063.915 0
60.23357948717949 0.3288846153846154 0.1836734693877551 0.00510204081632653 1.3636363636363635 0.504524979109513 1.0 0.05314009661835749 12409.854000000001 1
11.553227722772277 0.30818595041322316 0.23684210526315788 0.006578947368421052 1.05 0.3940344628262062 1.0 0.06172839506172839 6785.116 2
155.40431999999998 0.24005 0.21052631578947367 0.0 1.0 0.4714045207910317 1.0 0.11627906976744186 23234.429 2
0.5676521739130435 0.2984383561643836 0.1827956989247312 0.0 0.6571428571428571 0.5392182327416316 1.0 0.2734375 104.072 0
6.150631067961165 0.281109756097561 0.2318840579710145 0.004830917874396135 1.0701754385964912 0.4166040053133284 1.0 0.2159090909090909 2208.001 0
26.600362204724412 0.22851485148514852 0.03125 0.0 1.0 0.0 1.0 0.08571428571428572 6754.735000000001 1
7.691 0.290962962962963 0.11764705882352941 0.0 0.5757575757575758 0.5607084263625253 1.0 0.1952662721893491 2075.003 -2
12.518613636363636 0.2562714285714286 0.1797752808988764 0.0 1.125 0.3535533905932738 1.0 0.08247422680412371 2189.9049999999997 2
