2539.0793303684877 0.23577901430842607 0.15862944162436549 0.01903553299492386 1.0666666666666667 0.45773770821706344 1.0 0.0186799501867995 3378478.035 0
2501.83815 0.2209953125 0.08239700374531835 0.019975031210986267 1.0 0.0 1.0 0.008663366336633664 4002869.262 0
633.9666186252772 0.21008039603960396 0.18936035465484483 0.014249525015832806 0.9272727272727272 0.32515212704810303 1.0 0.017117958294428883 4002536.307 -2
8150.403236734694 0.21244897959183673 0.21951219512195122 0.02032520325203252 1.0 0.0 1.0 0.012048192771084338 1999428.8120000002 1
2048.9350481557376 0.22040128205128204 0.1218014329580348 0.01330603889457523 1.0625 0.4425306015783918 1.0 0.016112789526686808 3999156.459 0
1007.5436193353473 0.2066316120906801 0.14846502264720685 0.018117765475591345 1.0681818181818181 0.39753468608220566 1.0 0.021664204825209258 4001882.043 0
810.9004987824676 0.25983663115169964 0.1281947261663286 0.015821501014198783 0.9487179487179487 0.5103516820842348 1.0 0.015575079872204472 3995598.148 2
3907.81847265625 0.2489119804400978 0.08187134502923976 0.02729044834307992 1.0 0.5345224838248488 1.0 0.015355086372360844 4001252.959 0
4468.732706401766 0.2595193370165746 0.048458149779735685 0.022026431718061675 1.0 0.0 1.0 0.027837259100642397 4048662.624 2
1190.8680811764705 0.24805735294117648 0.07760141093474426 0.01352145796590241 1.0571428571428572 0.4160639899071764 1.0 0.020161290322580645 4048947.955 0
4404.425257641921 0.24460382513661202 0.08061002178649238 0.023965141612200435 0.875 0.3535533905932738 1.0 0.017130620985010708 2660068.738 0
1489.3256007462687 0.24061287313432836 0.0894854586129754 0.014168530947054437 0.9642857142857143 0.18898223650461363 1.0 0.020452885317750184 3990211.542 0
1323.8391870967741 0.31983870967741934 0.08583690987124463 0.02145922746781116 0.8666666666666667 0.3518657752744984 1.0 0.031185031185031187 619186.6699999999 0
1760.0758205128204 0.3119225663716814 0.12809187279151943 0.027385159010600707 1.105263157894737 0.45883146774112354 1.0 0.016507384882710686 3364136.857 1
4338.7095955056175 0.2711067415730337 0.14349775784753363 0.006726457399103139 0.9166666666666666 0.28867513459481287 1.0 0.026200873362445413 3861451.107 1
567.4395897586816 0.27077593818984547 0.15151515151515152 0.022359517505148575 0.9714285714285714 0.2934763438324015 1.0 0.02017872585759585 2485305.008 -2
3016.1123298319326 0.36302894736842106 0.12368972746331237 0.04821802935010482 0.95 0.5104177855340404 1.0 0.04024144869215292 2871310.017 1
2488.2304556803997 0.244571875 0.20947630922693267 0.026184538653366583 1.0666666666666667 0.45773770821706344 1.0 0.01835985312117503 3986059.615 -2
985.984832835821 0.25238743781094525 0.12381899552461462 0.019890601690701143 1.0 0.4188539082916955 1.0 0.02803286611889802 3962552.599 -2
1267.611495652174 0.20922554347826086 0.11062906724511931 0.004338394793926247 1.0 0.0 1.0 0.00646551724137931 583959.59 -2
641.1553797016861 0.20418889339278476 0.17212317666126417 0.012317666126418152 0.9772727272727273 0.26313285738244374 1.0 0.014062000639181848 3954587.908 -2
7056.819425531915 0.24922222222222223 0.07773851590106007 0.0176678445229682 1.1666666666666667 0.408248290463863 1.0 0.020761245674740483 3975460.9529999997 -2
1941.7323271484374 0.21317094017094018 0.13951219512195123 0.02048780487804878 1.0606060606060606 0.34815531191139565 1.0 0.031190926275992438 3976399.4529999997 -2
2152.5599003250272 0.22516937669376694 0.13203463203463203 0.0183982683982684 1.0 0.3922322702763681 1.0 0.014925373134328358 3973467.927 -2
2141.2506816720256 0.1986756032171582 0.139186295503212 0.034261241970021415 0.7954545454545454 0.5531955983003285 1.0 0.044989775051124746 3965698.961 -2
3890.3280098425194 0.2282463054187192 0.0825147347740668 0.03732809430255403 1.3 0.48304589153964794 1.0 0.019267822736030827 3952462.199 -2
1419.798632299928 0.20544724977457168 0.19380403458213258 0.012247838616714697 1.0571428571428572 0.33806170189140666 1.0 0.024595924104005622 3938507.292 2
1839.4600598690365 0.25840584795321636 0.22149532710280373 0.029906542056074768 0.7741935483870968 0.4973045625740722 1.0 0.02815622161671208 3932547.518 2
3851.076133072407 0.17544362745098038 0.296875 0.01171875 1.0 0.5345224838248488 1.0 0.015384615384615385 3917166.2630000003 -2
698.5140640200285 0.2119557245080501 0.18519842688594923 0.017518770110833037 1.118279569892473 0.38587738437711794 1.0 0.03217993079584775 3906056.949 -2
1460.0511457399105 0.24711495327102803 0.14339058999253174 0.01344286781179985 1.1132075471698113 0.31987842392976584 1.0 0.03807471264367816 2560359.96 2
724.475308030803 0.25255777166437415 0.19406267179769104 0.018141836173721827 0.9444444444444444 0.33333333333333337 1.0 0.01940700808625337 2634083.4230000004 0
3328.9737493734337 0.21270846394984327 0.1125 0.05 1.0 0.0 1.0 0.012345679012345678 2656035.265 0
4316.698442996743 0.17726938775510204 0.18181818181818182 0.00974025974025974 1.0 0.0 1.0 0.01910828025477707 2650187.723 0
3418.6351735751296 0.2015909090909091 0.09302325581395349 0.01808785529715762 1.1 0.31622776601683794 1.0 0.02518891687657431 2607127.1119999997 0
1116.2247661777394 0.2298349514563107 0.11982758620689656 0.021551724137931036 0.9696969696969697 0.39408505465575616 1.0 0.027661357921207042 2587079.376 0
5923.838032110092 0.21620689655172415 0.1278538812785388 0.0 1.0 0.7071067811865476 1.0 0.022321428571428572 1293776.196 0
6592.52611111111 0.33184177215189875 0.1507537688442211 0.01507537688442211 1.0 0.0 1.0 0.024509803921568627 2610450.527 0
114.90320192307694 0.1753132530120482 0.21904761904761905 0.01904761904761905 2.0 0.0 2.0 0.009433962264150943 11949.933 0
147.07218987341773 0.2526031746031746 0.0875 0.0375 1.0 0.0 1.0 0.012345679012345678 11618.703 0
32.02166459627329 0.277046875 0.11728395061728394 0.012345679012345678 1.0 0.0 1.0 0.01818181818181818 5178.4890000000005 0
14.417080357142858 0.31717977528089886 0.3185840707964602 0.02654867256637168 1.0 0.0 1.0 0.008771929824561403 1614.713 0
0.7859263157894737 0.19485526315789473 0.22916666666666666 0.03125 1.0 0.0 1.0 0.010309278350515464 74.663 0
3.592160390516039 0.2734712041884817 0.20055710306406685 0.002785515320334262 1.105263157894737 0.45883146774112354 1.0 0.025780189959294438 5144.116 0
4.366707142857143 0.2586785714285714 0.1340941512125535 0.039942938659058486 1.0 0.0 1.0 0.007082152974504249 5153.3 0
19.862172248803827 0.1936437125748503 0.22195704057279236 0.00954653937947494 1.0 0.0 1.0 0.009456264775413711 16556.521 0
253.90776595744683 0.24456 0.08421052631578947 0.010526315789473684 1.0 0.0 1.0 0.04040404040404041 23934.398 0
278.716253164557 0.30198412698412697 0.15 0.0125 1.3333333333333333 0.5773502691896257 1.0 0.03614457831325301 22022.932999999997 0
30.042247232472324 0.1923888888888889 0.23161764705882354 0.0 1.0 0.0 1.0 0.014492753623188406 16243.594000000001 0
1.2292880886426594 0.22315625 0.13259668508287292 0.022099447513812154 1.0 0.0 1.0 0.018970189701897018 884.7940000000001 0
9.470528571428572 0.21470714285714285 0.20512820512820512 0.005698005698005698 1.0 0.0 1.0 0.01680672268907563 3550.122 0
2.285061855670103 0.3267198275862069 0.15753424657534246 0.023972602739726026 1.05 0.22360679774997896 1.0 0.0641025641025641 1327.041 0
15.511385321100919 0.39200574712643677 0.1689497716894977 0.0319634703196347 1.0454545454545454 0.4857270179130825 1.0 0.0912863070539419 6712.1939999999995 0
0.5630483870967742 0.31337373737373736 0.304 0.0 1.2727272727272727 0.6466697906828632 1.0 0.08088235294117647 118.094 0
4.235256793478261 0.21694897959183673 0.28493894165535955 0.0203527815468114 1.3 0.6749485577105528 1.0 0.013386880856760375 6159.358 0
82.9473431372549 0.2830987654320988 0.009708737864077669 0.0 1.0 0.0 1.0 0.02830188679245283 15839.342 0
6.902832487309645 0.22321656050955413 0.36363636363636365 0.030303030303030304 0.6666666666666666 0.5773502691896257 1.0 0.014925373134328358 1406.753 0
3.894151898734177 0.21902380952380954 0.16981132075471697 0.012578616352201259 1.0 0.0 1.0 0.03048780487804878 773.91 0
5.916355319148936 0.1731037234042553 0.14861995753715498 0.01910828025477707 1.0 0.0 1.0 0.00211864406779661 2780.687 0
5.575926426426426 0.17567857142857143 0.2593703148425787 0.010494752623688156 1.0 0.0 1.0 0.010385756676557863 7353.6759999999995 0
2.3448673469387757 0.21721794871794872 0.0707070707070707 0.010101010101010102 1.0 0.0 1.0 0.01 229.797 0
32.166690476190475 0.19725373134328358 0.047058823529411764 0.011764705882352941 1.0 0.0 1.0 0.022988505747126436 2706.237 0
307.0781851851852 0.20097222222222222 0.2426470588235294 0.029411764705882353 1.0 0.0 1.0 0.014492753623188406 41457.717 0
19.462470588235295 0.3423970588235294 0.19767441860465115 0.03488372093023256 2.0 0.0 2.0 0.011494252873563218 1654.31 0
18.292559574468086 0.31379521276595745 0.11252653927813164 0.01910828025477707 0.38095238095238093 0.538850671761303 0.0 0.08187134502923976 9342.495 0
2.9519667128987517 0.29559895833333333 0.1994459833795014 0.027700831024930747 1.0909090909090908 0.30151134457776363 1.0 0.015006821282401092 3922.545 0
0.9091238754325259 0.20829152249134947 0.17219917012448133 0.016597510373443983 0.8888888888888888 0.33333333333333337 1.0 0.006185567010309278 1961.7359999999999 0
3.4434397590361447 0.18260710441334768 0.16251074806534824 0.01117798796216681 1.0 0.0 1.0 0.004280821917808219 4049.799 0
3.4546825726141077 0.19389623865110248 0.13264248704663212 0.02072538860103627 0.8333333333333334 0.408248290463863 1.0 0.006179196704428424 4116.9929999999995 0
9.227728971962616 0.22950588235294117 0.037037037037037035 0.046296296296296294 1.0 0.0 1.0 0.009174311926605505 987.367 0
7.311108050847458 0.21874005305039787 0.16279069767441862 0.035940803382663845 1.0 0.0 1.0 0.016632016632016633 6865.473 0
0.45063725490196077 0.20490123456790124 0.06796116504854369 0.009708737864077669 1.0 0.0 1.0 0.009615384615384616 45.965 0
7.811789644012945 0.23192307692307693 0.09032258064516129 0.054838709677419356 1.0 0.0 1.0 0.015873015873015872 2562.495 0
59.46648421052632 0.2355 0.03125 0.020833333333333332 1.0 0.0 1.0 0.010309278350515464 5649.316 0
4.019580275229358 0.2689899569583931 0.12829324169530354 0.013745704467353952 1.0 0.4264014327112209 1.0 0.013559322033898305 4642.49 0
0.6162934782608696 0.20294520547945205 0.13978494623655913 0.0 1.0 0.0 1.0 0.010638297872340425 56.699 0
2.793887816646562 0.19858371040723982 0.18674698795180722 0.027710843373493974 1.0 0.0 1.0 0.00954653937947494 3207.375 0
1.9229344262295083 0.19607613469985358 0.15087719298245614 0.025730994152046785 1.1538461538461537 0.3755338080994054 1.0 0.014976958525345621 2723.562 0
102.05009000000001 0.261275 0.06930693069306931 0.0 1.0 0.0 1.0 0.019417475728155338 10453.069 0
2.828519047619048 0.22057242063492064 0.1324345757335448 0.02696272799365583 1.0 0.4472135954999579 1.0 0.008647798742138365 6643.191000000001 0
2.5691827661909987 0.18069251887439944 0.18760285244103125 0.010970927043335162 1.1333333333333333 0.3518657752744984 1.0 0.008161044613710556 8984.155999999999 0
6.308641949152542 0.21629442970822282 0.13742071881606766 0.03382663847780127 1.2 0.8366600265340756 1.0 0.010460251046025104 5236.081 0
0.9806335877862595 0.20526433121019108 0.27918781725888325 0.04060913705583756 1.0 0.0 1.0 0.029556650246305417 733.961 0
82.20481443298969 0.1840779220779221 0.07142857142857142 0.0 1.0 0.0 1.0 0.0392156862745098 7988.438 0
1.6823703241895263 0.17771138845553822 0.1718555417185554 0.008717310087173101 1.0 0.3922322702763681 1.0 0.017135862913096694 2616.434 0
186.5171083333333 0.23721875 0.1652892561983471 0.01652892561983471 1.0 0.0 1.0 0.016260162601626018 22382.46 0
1.4740911764705882 0.18379963235294117 0.20426157237325496 0.015429831006612785 1.0 0.0 1.0 0.007293946024799417 3122.706 0
2.839347972972973 0.21222492080253433 0.10548523206751055 0.039662447257383965 1.0833333333333333 0.5149286505444373 1.0 0.010025062656641603 6275.625 0
5.786067474048443 0.22334848484848485 0.15025906735751296 0.02072538860103627 1.0 0.0 1.0 0.00686106346483705 3732.094 0
7.878485849056604 0.21931360946745562 0.07042253521126761 0.018779342723004695 1.5 0.7071067811865476 1.0 0.009302325581395349 1883.178 0
14.243359477124184 0.33427868852459014 0.22727272727272727 0.012987012987012988 0.75 0.5 1.0 0.02531645569620253 3530.411 0
10.52217415730337 0.3425281690140845 0.07262569832402235 0.027932960893854747 1.0 0.0 1.0 0.005555555555555556 1872.947 0
9.014084432717677 0.29494719471947195 0.12105263157894737 0.02894736842105263 1.1111111111111112 0.33333333333333337 1.0 0.02313624678663239 6307.308 0
4667.579909090909 0.27932107023411373 0.19466666666666665 0.024 1.0084033613445378 0.47827015837848935 1.0 0.2408906882591093 3491346.809 2
3744.5647489270386 0.2656774193548387 0.17558886509635974 0.004282655246252677 0.8609271523178808 0.5296506408232725 1.0 0.24433656957928804 3489933.452 0
7475.770102127659 0.32981382978723406 0.2245762711864407 0.012711864406779662 1.1363636363636365 0.46209377337410695 1.0 0.15714285714285714 3513611.525 1
2726.2142152671754 0.3054064885496183 0.20426829268292682 0.01524390243902439 0.8826086956521739 0.6122135183608685 1.0 0.2595936794582393 3571340.81 -2
1673.4137117537314 0.23636989498249708 0.27586206896551724 0.010251630941286114 0.905982905982906 0.563296642101369 1.0 0.17903596021423107 3587753.066 0
3759.6362750929366 0.3118906976744186 0.15769944341372913 0.027829313543599257 1.0460526315789473 0.4042623204079725 1.0 0.2199710564399421 4045367.4620000003 1
2032.6652847457626 0.2702415254237288 0.21331828442437922 0.014672686230248307 0.9262672811059908 0.4555230840275005 1.0 0.19673617407071622 3597820.338 0
792.9666439767129 0.25046304591265395 0.20904207699194272 0.0026857654431512983 0.9436619718309859 0.5231187424930532 1.0 0.13711857860177676 3541383.716 0
413.93333223296395 0.2320215212264151 0.20226308345120225 0.003536067892503536 0.9467849223946785 0.5222235326785569 1.0 0.09610057532495206 3510975.136 2
6219.848792079208 0.3237639751552795 0.10837438423645321 0.009852216748768473 1.0 0.4296689244236597 1.0 0.24535315985130113 2512818.66 0
7358.236358649789 0.28734391534391535 0.18067226890756302 0.01680672268907563 1.0 0.4140393356054125 1.0 0.13138686131386862 3487788.029 0
11879.836006756757 0.3145677966101695 0.174496644295302 0.020134228187919462 1.0571428571428572 0.4160639899071764 1.0 0.19021739130434784 3516112.423 0
11967.312258741258 0.26235087719298245 0.06944444444444445 0.0 0.9696969696969697 0.17407765595569785 1.0 0.1864406779661017 3421136.624 -2
7547.9802070484575 0.3273038674033149 0.11842105263157894 0.03070175438596491 0.8939393939393939 0.3972516303413465 1.0 0.22448979591836735 3426777.974 0
4667.992282191781 0.30582534246575344 0.16939890710382513 0.0 0.9772727272727273 0.3706866175667139 1.0 0.19383259911894274 3407635.1739999996 0
1427.2376397896583 0.27437609649122807 0.2583187390542907 0.02626970227670753 0.9903225806451613 0.4514305479449903 1.0 0.21349862258953167 3198656.198 0
2.0703384516954575 0.2632928 0.1956521739130435 0.004475703324808184 0.9921259842519685 0.4532894788699223 1.0 0.1397139713971397 6466.993 1
1330.3943619909503 0.23911425339366515 0.19077757685352623 0.0081374321880651 0.975 0.4479162095946183 1.0 0.1263823064770932 2940146.783 0
37.79263839285714 0.2924003724394786 0.3164933135215453 0.010401188707280832 0.9841269841269841 0.43788814981229135 1.0 0.15769712140175218 50770.837 0
2.0553725490196078 0.44633333333333336 0.05825242718446602 0.0 1.0192307692307692 0.36997003669797185 1.0 0.33548387096774196 418.371 0
591.4608952182951 0.25036174636174635 0.2144638403990025 0.0033250207813798837 0.9560975609756097 0.4400759994865773 1.0 0.1455965909090909 2833678.4620000003 2
168.44571014492755 0.2975090909090909 0.45714285714285713 0.0 1.0 0.3922322702763681 1.0 0.16666666666666666 23244.754 0
751.0185059267242 0.24699460916442048 0.23801830910070004 0.0026925148088314485 0.9665271966527197 0.4839100964023084 1.0 0.11402671755725191 2787779.664 1
214.6327625 0.2693125 0.04938271604938271 0.012345679012345678 1.0526315789473684 0.40465131911125596 1.0 0.19 34337.91 0
483.91547362637357 0.3059294871794872 0.22958623214939583 0.0032954961552544857 1.02321083172147 0.367585538268934 1.0 0.15917487684729065 2642173.349 0
127.01766176470588 0.7437592592592592 0.028985507246376812 0.0 1.05 0.22360679774997896 1.0 0.2247191011235955 17275.019999999997 0
42.54193567251462 0.26229411764705884 0.32558139534883723 0.005813953488372093 1.0454545454545454 0.4857270179130825 1.0 0.1134020618556701 14547.36 0
511.42580206677263 0.2478006958250497 0.1724274930472785 0.0027810885975367503 0.9768115942028985 0.4936058967035671 1.0 0.12054507337526206 2573491.54 0
2.7182154420921543 0.2475809968847352 0.2524875621890547 0.0024875621890547263 1.075 0.4436614058468177 1.0 0.09049773755656108 4353.293 0
5.204058823529412 0.25966666666666666 0.11650485436893204 0.0 1.0 0.408248290463863 1.0 0.1953125 1060.1680000000001 0
4.982956989247311 0.2596081081081081 0.14893617021276595 0.02127659574468085 0.6666666666666666 0.5640760748177662 1.0 0.3237410071942446 925.812 0
0.5858870967741936 0.31457142857142856 0.23809523809523808 0.0 1.05 0.3940344628262062 1.0 0.24096385542168675 71.441 0
12.92794427244582 0.26791085271317827 0.20987654320987653 0.0030864197530864196 0.6534653465346535 0.5373200827133942 1.0 0.2376470588235294 8342.127 0
11.69513432835821 0.37876875 0.2376237623762376 0.01485148514851485 1.011764705882353 0.44971201491459334 1.0 0.2961672473867596 4700.452 -2
363.3618219178082 0.19660344827586207 0.21621621621621623 0.0 1.0769230769230769 0.2773500981126146 1.0 0.14942528735632185 53048.777 0
5.679187687687688 0.3149266917293233 0.19940029985007496 0.0029985007496251873 0.9504132231404959 0.4794748107025873 1.0 0.2662266226622662 7564.1 -2
3.2090413625304137 0.3048109756097561 0.23786407766990292 0.0024271844660194173 0.9411764705882353 0.5529263551139216 1.0 0.27079646017699116 2633.344 2
11.657349056603774 0.3395 0.08411214953271028 0.018691588785046728 1.0 0.43133109281375365 1.0 0.2913907284768212 2471.617 0
7.049315789473685 0.22875824175824175 0.20087336244541484 0.0 1.0625 0.4330127018922193 1.0 0.17328519855595667 3213.63 0
8.539820512820514 0.307524064171123 0.13617021276595745 0.00851063829787234 1.0333333333333334 0.3171198066211135 1.0 0.2033898305084746 3986.2200000000003 1
8.158775609756097 0.21553048780487805 0.17475728155339806 0.009708737864077669 1.0 0.3692744729379982 1.0 0.17928286852589642 2197.393 1
0.6017323943661972 0.24210714285714285 0.1111111111111111 0.0 1.0909090909090908 0.29424494316824984 1.0 0.23404255319148937 82.533 0
49.61841463414634 0.33106153846153846 0.07228915662650602 0.07228915662650602 1.0555555555555556 0.23570226039551584 1.0 0.1782178217821782 8134.843 0
265.0039409207161 0.2086218030690537 0.12221938123242138 0.021477882894400408 1.0147058823529411 0.32289026179014957 1.0 0.017089721035436038 2071435.6639999999 0
1414.845556010929 0.3128854700854701 0.13096862210095497 0.09686221009549795 0.9444444444444444 0.23570226039551584 1.0 0.023968042609853527 2069796.966 -2
2655.29581748072 0.2500675241157556 0.08205128205128205 0.02564102564102564 1.0 0.0 1.0 0.015151515151515152 1033788.252 2
2785.154900269542 0.2239695945945946 0.1586021505376344 0.016129032258064516 0.4 0.5163977794943222 0.0 0.02617801047120419 2064294.675 0
1103.0581853035144 0.21710652463382157 0.10957446808510639 0.023404255319148935 0.88 0.43969686527576396 1.0 0.025906735751295335 2070223.304 0
463.9748454020435 0.203295 0.10479573712255773 0.012877442273534635 0.9 0.4472135954999579 1.0 0.008802816901408451 2088677.588 0
414.2555126883426 0.2021085770946951 0.07015457788347206 0.006341656757827983 1.1111111111111112 0.3233808333817773 1.0 0.0070838252656434475 1046549.371 0
1.590055786076533 0.2069878962536023 0.13179723502304147 0.005990783410138249 1.0 0.0 1.0 0.0027573529411764708 4041.879 0
1945.1861327102804 0.2727196261682243 0.13059701492537312 0.0018656716417910447 1.0 0.4264014327112209 1.0 0.021897810218978103 2079631.601 2
621.0144447101017 0.23998131539611361 0.0985663082437276 0.013142174432497013 1.0833333333333333 0.28867513459481287 1.0 0.0071174377224199285 2076258.1039999998 0
1455.3575941422594 0.23365095986038395 0.13649025069637882 0.012534818941504178 0.8947368421052632 0.3153017676423058 1.0 0.025780189959294438 2086911.742 2
582.7032162011172 0.22513477653631286 0.10999441652707985 0.005583472920156337 1.0 0.4264014327112209 1.0 0.012679162072767364 2085708.797 0
520.6730269595606 0.262834581772784 0.07784431137724551 0.00998003992015968 1.0566037735849056 0.23329531793437602 1.0 0.025765678172095283 2084922.523 2
968.0024931506849 0.21299657534246574 0.0812043795620438 0.008211678832116789 1.1666666666666667 0.5144957554275266 1.0 0.01615798922800718 2118585.923 0
754.1571772694782 0.2123958891867739 0.09642857142857143 0.016428571428571428 0.9333333333333333 0.5936168397046637 1.0 0.01060070671378092 2109853.6100000003 0
1565.3422421991086 0.22785873605947957 0.09940652818991098 0.016320474777448073 1.0 0.0 1.0 0.008823529411764706 2103438.008 1
690.0057762467192 0.21841427399507793 0.11147540983606558 0.0045901639344262295 1.0384615384615385 0.34418242032610913 1.0 0.016763378465506126 2101484.084 0
3111.497708791209 0.20822680412371133 0.07397260273972603 0.0 1.25 0.5 1.0 0.01084010840108401 2265136.0659999996 0
3112.249621546961 0.21020415224913494 0.10192837465564739 0.008264462809917356 1.2307692307692308 0.4385290096535146 1.0 0.034574468085106384 2242240.9699999997 0
800.2981239255015 0.21832706093189963 0.08518253400143164 0.014316392269148175 1.064516129032258 0.3592106040535498 1.0 0.021708683473389355 2234429.489 1
2.1620789156626508 0.1908644578313253 0.07405177603853101 0.010836845273931367 1.0 0.3592106040535498 1.0 0.018901358535144713 6225.817999999999 0
152.33957111904155 0.2011687380497132 0.08640244679495349 0.012233974767427042 1.0364963503649636 0.2820293873946991 1.0 0.01715931863727455 2390120.227 1
2744.600349537037 0.1990840579710145 0.04387990762124711 0.009237875288683603 1.0 0.408248290463863 1.0 0.02914798206278027 2371180.226 1
288.85036187242304 0.19111188599151 0.0906886517943744 0.010184287099903006 1.0461538461538462 0.2756112088822559 1.0 0.0155168297923132 2381544.2019999996 1
8.17839104477612 0.19220149253731345 0.05357142857142857 0.0 1.0 0.0 1.0 0.01466275659824047 3385.426 1
82.14708029197081 0.24974311926605505 0.043478260869565216 0.028985507246376812 1.3333333333333333 0.5773502691896257 1.0 0.02127659574468085 11441.675 0
2.3706580557443915 0.19363095238095238 0.14334239130434784 0.004755434782608696 1.032258064516129 0.31452302170555924 1.0 0.020625415834996674 6705.862999999999 1
4.791278645833334 0.1900944625407166 0.15844155844155844 0.01038961038961039 0.875 0.3535533905932738 1.0 0.020356234096692113 2276.628 1
4075.3764181034485 0.34785405405405406 0.37339055793991416 0.017167381974248927 0.8153846153846154 0.6072509587421512 1.0 0.3581267217630854 1890975.26 0
6455.158164383562 0.4847844827586207 0.2108843537414966 0.02040816326530612 0.9622641509433962 0.5150039907730127 1.0 0.4189723320158103 1880901.6809999999 0
4163.147875 0.4038826815642458 0.26222222222222225 0.0044444444444444444 1.0 0.3779644730092272 1.0 0.20212765957446807 1865088.387 2
3641.991594488189 0.27727586206896554 0.2980392156862745 0.00784313725490196 1.0684931506849316 0.3040818202797687 1.0 0.2225609756097561 1849773.348 2
4217.967806167401 0.3716850828729282 0.27631578947368424 0.013157894736842105 0.9518072289156626 0.4660057169604129 1.0 0.26688102893890675 1914959.158 1
110.58584375000001 0.330984375 0.2803738317757009 0.018691588785046728 0.9722222222222222 0.4627898603347532 1.0 0.2517482517482518 53693.738 0
2725.5912051282053 0.3755857142857143 0.3380681818181818 0.014204545454545454 1.0057471264367817 0.4985195010335805 1.0 0.33079847908745247 1913365.665 1
1237.4160492866406 0.34366071428571426 0.3082901554404145 0.006476683937823834 0.8905263157894737 0.5851671628545414 1.0 0.3809141940657578 1908090.096 0
4698.875759259259 0.34425 0.2304147465437788 0.018433179723502304 1.0410958904109588 0.38867138949330254 1.0 0.2517241379310345 1976745.4980000001 -2
1654.0161969439728 0.29082590233545647 0.29491525423728815 0.005084745762711864 0.8942307692307693 0.5181888300765722 1.0 0.3458980044345898 1948431.279 0
1672.8612780656304 0.3437991360691145 0.2827586206896552 0.01896551724137931 0.9292452830188679 0.5056021666542896 1.0 0.2676767676767677 1936451.12 1
7828.786968992248 0.3670970873786408 0.2923076923076923 0.0 0.5652173913043478 0.5783781323305583 0.0 0.5859872611464968 2019827.171 0
4.9310574358974355 0.2365474358974359 0.32684426229508196 0.0020491803278688526 0.8482384823848238 0.5454887990858523 1.0 0.27434944237918213 9614.322 0
44.649475609756095 0.2594 0.3614457831325301 0.024096385542168676 1.1111111111111112 0.6763995415945232 1.0 0.1782178217821782 6486.9169999999995 0
644.3616516853933 0.4106760563380282 0.30970149253731344 0.029850746268656716 0.9435897435897436 0.47828887002859777 1.0 0.42116630669546434 172352.33599999998 0
9.403655172413792 0.5330579710144927 0.19318181818181818 0.011363636363636364 0.9649122807017544 0.5658404709778997 1.0 0.3931034482758621 1598.624 0
54.848976923076926 0.29 0.183206106870229 0.0 0.8227848101265823 0.5491133569133687 1.0 0.3761904761904762 7197.5160000000005 0
330.2862769230769 0.40301923076923074 0.13636363636363635 0.015151515151515152 1.125 0.5 1.0 0.1951219512195122 42934.541 -2
40.575271428571426 0.5520178571428571 0.22535211267605634 0.014084507042253521 1.125 0.5366968215490656 1.0 0.25263157894736843 5680.677 0
29.3801914893617 0.2827321428571429 0.3591549295774648 0.007042253521126761 0.92 0.44446711960297275 1.0 0.2604166666666667 4315.196 1
224.56218 0.308175 0.32338308457711445 0.004975124378109453 0.8390804597701149 0.5680149690623091 1.0 0.3020833333333333 45126.608 0
38.655193181818184 0.48134285714285713 0.0898876404494382 0.011235955056179775 0.9705882352941176 0.5213789477243252 1.0 0.2764227642276423 6801.059 0
500.77535576923077 0.32242168674698796 0.2 0.0380952380952381 1.0571428571428572 0.33806170189140666 1.0 0.25 104158.246 0
298.6475267857143 0.3440337078651685 0.21238938053097345 0.0 0.9607843137254902 0.44545636436021385 1.0 0.31097560975609756 66897.006 0
47.080170068027215 0.40241880341880343 0.14189189189189189 0.013513513513513514 1.018181818181818 0.40783570997396285 1.0 0.270935960591133 13842.917 0
1080.1465967741935 0.8091020408163265 0.12698412698412698 0.015873015873015872 1.1923076923076923 0.4914656259988704 1.0 0.29213483146067415 133938.991 2
24.291541666666667 0.5341578947368422 0.1836734693877551 0.0 0.7948717948717948 0.5221154933480351 1.0 0.4431818181818182 2332.408 0
151.29538011695905 0.33221323529411767 0.3953488372093023 0.005813953488372093 1.0 0.47809144373375745 1.0 0.29218106995884774 51743.666 2
107.81822000000001 0.289275 0.21568627450980393 0.0392156862745098 0.8333333333333334 0.5920934999167599 1.0 0.37037037037037035 10781.386 2
894.8604210526316 0.35944444444444446 0.3103448275862069 0.0 0.9583333333333334 0.6240935455708451 1.0 0.2926829268292683 65426.485 0
40.47923076923077 0.42193548387096774 0.211864406779661 0.03389830508474576 0.8363636363636363 0.5362295101372989 1.0 0.3179190751445087 9448.385999999999 0
366.6382535211268 0.44323214285714285 0.18055555555555555 0.027777777777777776 1.0 0.3333333333333333 1.0 0.2087912087912088 52032.236 0
12.788170731707316 0.3456 0.3614457831325301 0.0 0.8863636363636364 0.5793303708998299 1.0 0.3464566929133858 2108.05 0
29.484194915254236 0.32985106382978724 0.3949579831932773 0.0 0.8382352941176471 0.6604000171232055 1.0 0.36363636363636365 6576.202 0
39.10201315789474 0.5883666666666667 0.37662337662337664 0.012987012987012988 1.0909090909090908 0.30151134457776363 1.0 0.125 5930.013000000001 2
160.21736231884057 0.32074545454545456 0.42857142857142855 0.02857142857142857 1.2 0.5 1.0 0.2631578947368421 22106.362 2
83.78215294117646 0.3053235294117647 0.2558139534883721 0.0 1.0869565217391304 0.41702882811414954 1.0 0.21100917431192662 14241.185000000001 0
103.68674647887323 0.459125 0.05555555555555555 0.013888888888888888 1.04 0.3511884584284246 1.0 0.25773195876288657 14717.743999999999 0
12922.738323943662 1.544017857142857 0.3888888888888889 0.1111111111111111 0.9826989619377162 0.38601190436490257 1.0 0.8005540166204986 1835028.8739999998 0
7547.2266186440675 0.9428510638297872 0.37815126050420167 0.05042016806722689 0.998046875 0.33397928992063325 1.0 0.8114104595879557 1781159.542 -2
12633.33942857143 0.9700714285714286 0.30985915492957744 0.08450704225352113 0.9326923076923077 0.38734630617410837 1.0 0.7455197132616488 1768671.5389999999 0
7187.141786259542 1.8117211538461537 0.2803030303030303 0.12878787878787878 0.9482323232323232 0.4338367407667272 1.0 0.8571428571428571 1882802.908 2
27187.725599999998 1.405142857142857 0.2777777777777778 0.08333333333333333 0.995260663507109 0.39638401692530867 1.0 0.854251012145749 1903145.327 0
407.1298309859155 0.676625 0.25 0.027777777777777776 1.0303030303030303 0.3336424046406527 1.0 0.5789473684210527 58645.641 0
39.55523404255319 4.815486486486487 0.16666666666666666 0.0 0.9957446808510638 0.29954199141192484 1.0 0.8303886925795053 3716.0240000000003 0
222.52985714285714 0.3941071428571429 0.16666666666666666 0.05555555555555555 0.5604395604395604 0.5417828841230531 1.0 0.7165354330708661 15566.921 0
43.08780821917808 0.6543965517241379 0.16216216216216217 0.06756756756756757 0.8888888888888888 0.5128728387747147 1.0 0.5722543352601156 6297.0869999999995 0
2077.9953125 0.66175 0.058823529411764705 0.0 0.9393939393939394 0.4253066903844576 1.0 0.7951807228915663 66501.976 0
1722.7734444444445 0.4943859649122807 0.1917808219178082 0.0273972602739726 0.9516129032258065 0.3810003810005715 1.0 0.45925925925925926 248079.13799999998 2
1916.8098571428573 0.9899090909090908 0.1724137931034483 0.0 1.0357142857142858 0.3283172365140274 1.0 0.6588235294117647 107342.875 2
11.525980842911878 0.94175 0.20610687022900764 0.09541984732824428 0.95703125 0.41490954036538735 1.0 0.7962674961119751 6020.147 -2
187.5983 0.8235 0.23809523809523808 0.0 0.8548387096774194 0.4378327472249764 1.0 0.7469879518072289 7685.432 0
4608.3776 164.25466666666665 0.1875 0.0 1.0142857142857142 0.318185851390103 1.0 0.813953488372093 138928.936 0
573.0454722222222 2.8540357142857142 0.02702702702702703 0.0 0.984375 0.28127755596930143 1.0 0.6336633663366337 41256.318 0
23.065213114754098 0.31083333333333335 0.14516129032258066 0.0 1.0434782608695652 0.3624927119040807 1.0 0.42592592592592593 2813.5600000000004 2
2.8473454545454544 0.33688636363636365 0.16071428571428573 0.03571428571428571 0.7263157894736842 0.5145149598378812 1.0 0.6291390728476821 315.783 0
2.544089147286822 0.32314077669902913 0.38223938223938225 0.06177606177606178 0.8935779816513761 0.42837655863140944 1.0 0.677860696517413 1312.999 0
80.86892592592592 0.11841860465116279 0.8545454545454545 0.0 0.8135593220338984 0.5382649006654858 1.0 0.6820809248554913 8731.539 0
287.5853857142857 0.37192857142857144 0.14084507042253522 0.014084507042253521 1.0714285714285714 0.26226526415648105 1.0 0.2828282828282828 40257.787 0
