57.76970642201835 0.21906896551724137 0.05454545454545454 0.0 1.0 0.0 1.0 0.03508771929824561 8737.517 2
10.811415637860083 0.2112164948453608 0.3155737704918033 0.012295081967213115 1.0 0.0 1.0 0.012145748987854251 2868.317 1
16.256379310344826 0.28154347826086956 0.1282051282051282 0.02564102564102564 1.0 0.408248290463863 1.0 0.1 6575.625 1
39.721686956521744 0.2529673913043478 0.20689655172413793 0.034482758620689655 1.0 0.0 1.0 0.008547008547008548 4567.994 0
2.3300065359477125 0.22815573770491804 0.3355048859934853 0.016286644951140065 1.0 0.6324555320336759 1.0 0.019169329073482427 879.545 0
821.3339199999999 0.40886666666666666 0.12582781456953643 0.052980132450331126 0.7777777777777778 0.44095855184409843 1.0 0.05625 157850.772 0
41.29913333333334 0.17994444444444443 0.4945054945054945 0.0 1.0 0.0 1.0 0.010869565217391304 3716.922 2
33.8198125 0.1944857142857143 0.6610169491525424 0.011299435028248588 1.0 0.0 1.0 0.0111731843575419 7029.2480000000005 0
18.448104166666667 0.2569565217391304 0.2482758620689655 0.020689655172413793 1.2 0.4472135954999579 1.0 0.03333333333333333 3654.1440000000002 0
17.03409433962264 0.22548031496062992 0.24375 0.0 1.0 0.0 1.0 0.041916167664670656 5252.808 0
9.787264423076923 0.27836746987951805 0.07177033492822966 0.0430622009569378 0.875 0.6408699444616557 1.0 0.03686635944700461 3389.023 0
38.429194915254236 0.2723936170212766 0.25316455696202533 0.0379746835443038 0.8888888888888888 0.33333333333333337 1.0 0.036585365853658534 10629.935000000001 2
4.813602649006622 0.26871666666666666 0.3026315789473684 0.013157894736842105 0.5 0.5773502691896257 0.0 0.02564102564102564 941.778 1
9.571744360902256 0.213188679245283 0.41044776119402987 0.022388059701492536 1.25 0.5 1.0 0.028985507246376812 1305.5559999999998 2
276.93878057553957 0.16768918918918918 0.4659498207885305 0.007168458781362007 1.0 0.0 1.0 0.0035714285714285713 76988.981 1
185.43254571703562 0.2638628158844765 0.19230769230769232 0.03076923076923077 1.0909090909090908 0.29424494316824984 1.0 0.02071563088512241 204374.08500000002 0
56.176 0.2715070422535211 0.16666666666666666 0.06666666666666667 1.0 0.0 1.0 0.021739130434782608 5004.5509999999995 2
33.39703973509934 0.22980833333333334 0.17763157894736842 0.013157894736842105 1.0 0.0 1.0 0.012987012987012988 10062.736 0
1.8988700873362445 0.240896174863388 0.2268266085059978 0.029443838604143947 1.0 0.5345224838248488 1.0 0.008648648648648649 3044.617 2
266.4261710526316 0.3436611570247934 0.11764705882352941 0.0 1.0 0.0 1.0 0.012903225806451613 42272.953 0
64.25155434782609 0.31161643835616437 0.1827956989247312 0.010752688172043012 1.0 1.4142135623730951 0.0 0.021052631578947368 5911.707 -2
27.56618320610687 0.3067692307692308 0.08333333333333333 0.0 0.5 0.7071067811865476 0.0 0.014925373134328358 3611.664 2
120.7228761904762 0.3799642857142857 0.05660377358490566 0.03773584905660377 1.0 0.0 1.0 0.009345794392523364 12675.902 1
3.927465648854962 0.2160673076923077 0.11363636363636363 0.015151515151515152 1.0 0.0 1.0 0.022222222222222223 918.9560000000001 2
41.109275 0.3929375 0.06467661691542288 0.04477611940298507 1.0 0.0 1.0 0.0049504950495049506 8221.855 0
2.2634335260115606 0.21435869565217391 0.19596541786743515 0.005763688760806916 1.2 0.4472135954999579 1.0 0.014204545454545454 1422.701 1
71.90195238095238 0.3198059701492537 0.09411764705882353 0.07058823529411765 2.0 0.0 2.0 0.011627906976744186 6039.764 0
46.933410256410255 0.23319354838709677 0.211864406779661 0.0 1.5 0.7071067811865476 1.0 0.016666666666666666 7056.735 2
11.202141592920354 0.3448777777777778 0.20175438596491227 0.07017543859649122 0.8 0.4472135954999579 1.0 0.04201680672268908 2530.0730000000003 2
11.222387499999998 0.2370859375 0.19875776397515527 0.037267080745341616 1.0 0.0 1.0 0.018292682926829267 3578.849 2
44.73740449438202 0.43914084507042256 0.20670391061452514 0.12290502793296089 1.0 0.816496580927726 1.0 0.03763440860215054 15552.287 0
60.95338823529411 0.22514705882352942 0.023255813953488372 0.0 1.0 0.0 1.0 0.022727272727272728 5185.285999999999 0
6.046571428571428 0.4073483146067416 0.035398230088495575 0.08849557522123894 0.2727272727272727 0.46709936649691375 0.0 0.08870967741935484 907.362 2
11.265923766816144 0.40153932584269664 0.10267857142857142 0.06696428571428571 1.0 0.0 1.0 0.013215859030837005 4347.371 2
4.182655086848635 0.2682919254658385 0.3118811881188119 0.027227722772277228 1.0 0.0 1.0 0.0049261083743842365 1687.3419999999999 0
160.53789743589743 0.27802150537634407 0.22033898305084745 0.01694915254237288 1.3333333333333333 0.5773502691896257 1.0 0.024793388429752067 37536.740000000005 2
52.359922794117644 0.29163594470046084 0.2454212454212454 0.01098901098901099 1.0 0.0 1.0 0.0353356890459364 28481.59 2
19.331879781420767 0.2495 0.08695652173913043 0.010869565217391304 0.875 0.3535533905932738 1.0 0.041666666666666664 3633.596 0
10.13023125 0.260875 0.11801242236024845 0.012422360248447204 0.9090909090909091 0.30151134457776363 1.0 0.06395348837209303 3202.457 0
13.593303370786517 0.33344600938967134 0.10820895522388059 0.014925373134328358 1.04 0.3511884584284246 1.0 0.08532423208191127 7179.598 2
3.931520231213873 0.26805060240963857 0.11346153846153846 0.01730769230769231 1.02 0.24660966430902956 1.0 0.08771929824561403 3584.0950000000003 2
29.965064516129033 0.39895945945945943 0.09574468085106383 0.02127659574468085 1.0 0.3651483716701107 1.0 0.14545454545454545 5417.946 2
9.395818181818182 0.23666666666666666 0.10801393728222997 0.06620209059233449 0.9655172413793104 0.18569533817705186 1.0 0.09177215189873418 5350.866 0
25.85013475177305 0.23826785714285714 0.035211267605633804 0.04225352112676056 0.9473684210526315 0.22941573387056177 1.0 0.11801242236024845 7285.488 0
38.75135632183908 0.23740579710144927 0.09090909090909091 0.045454545454545456 0.9333333333333333 0.7037315505489968 1.0 0.14563106796116504 6732.4220000000005 2
6.4682079207920795 0.27469565217391306 0.14285714285714285 0.029556650246305417 1.0606060606060606 0.24230584229877994 1.0 0.13983050847457626 2609.9120000000003 0
7.3532578125 0.27676470588235297 0.19066147859922178 0.038910505836575876 1.0588235294117647 0.242535625036333 1.0 0.06204379562043796 2999.547 0
1.0884222222222222 0.26390277777777776 0.0 0.04395604395604396 1.0 0.0 1.0 0.09 194.695 0
3.8297179487179487 0.25233333333333335 0.059322033898305086 0.00847457627118644 0.7083333333333334 0.4643056214875365 1.0 0.16901408450704225 879.838 0
194.34592134831462 0.2590140845070423 0.08888888888888889 0.06666666666666667 1.0 0.0 1.0 0.0625 24346.364 2
5.313490234375 0.2550195599022005 0.24951267056530213 0.031189083820662766 1.1470588235294117 0.4357058321763818 1.0 0.062157221206581355 5438.491 0
29.23333009708738 0.3216707317073171 0.16346153846153846 0.019230769230769232 1.2307692307692308 0.4385290096535146 1.0 0.1111111111111111 6013.107 2
152.48183146067416 0.3428169014084507 0.011111111111111112 0.05555555555555555 1.0833333333333333 0.28867513459481287 1.0 0.11764705882352941 27139.336 2
2.369462121212121 0.29923809523809525 0.19548872180451127 0.015037593984962405 1.0666666666666667 0.45773770821706344 1.0 0.10135135135135136 497.206 2
5.055932584269663 0.3495387323943662 0.10644257703081232 0.0056022408963585435 1.1403508771929824 0.35043832202523123 1.0 0.13768115942028986 2729.635 0
17.368495867768594 0.58646875 0.06557377049180328 0.07377049180327869 0.9444444444444444 0.41617618189786515 1.0 0.12857142857142856 4201.9310000000005 0
24.744862068965517 0.28744927536231885 0.09090909090909091 0.0 1.25 0.4629100498862757 1.0 0.08333333333333333 4144.797 0
34.83921686746988 0.35248484848484846 0.17857142857142858 0.047619047619047616 1.1428571428571428 0.3779644730092272 1.0 0.07692307692307693 4064.4170000000004 0
17.41525925925926 0.2421523178807947 0.18421052631578946 0.02631578947368421 0.7857142857142857 0.5789342235218394 1.0 0.06862745098039216 6193.669 0
58.80972826086956 0.23365753424657534 0.03225806451612903 0.043010752688172046 0.8181818181818182 0.40451991747794525 1.0 0.10576923076923077 5573.486 0
65.717275 0.3883828125 0.10559006211180125 0.012422360248447204 0.9166666666666666 0.28867513459481287 1.0 0.06936416184971098 21018.313000000002 0
20.570486111111112 0.3132 0.14482758620689656 0.07586206896551724 1.25 0.4629100498862757 1.0 0.05228758169934641 5917.407 2
14.661747572815536 0.3046829268292683 0.028846153846153848 0.11538461538461539 1.1 0.31622776601683794 1.0 0.08771929824561403 3009.985 0
17.033822222222224 0.4640138888888889 0.22509225092250923 0.05166051660516605 1.2941176470588236 0.46966821831386213 1.0 0.059027777777777776 9093.626 0
93.80380530973451 0.2627111111111111 0.07017543859649122 0.017543859649122806 1.0 0.0 1.0 0.07317073170731707 11358.377 0
13.035710743801653 0.28710416666666666 0.29508196721311475 0.06557377049180328 1.2 0.4216370213557839 1.0 0.07575757575757576 1658.561 0
3.771644607843137 0.2610276073619632 0.14180929095354522 0.039119804400977995 0.7619047619047619 0.43108053740904234 1.0 0.09312638580931264 3074.464 0
0.9076666666666666 0.2600483870967742 0.16455696202531644 0.012658227848101266 1.0 0.0 1.0 0.036585365853658534 74.447 0
8.674288888888888 0.27175617283950615 0.18226600985221675 0.03694581280788178 1.037037037037037 0.3375797890278889 1.0 0.06235565819861432 6997.632 0
55.63339669421488 0.33945833333333336 0.18032786885245902 0.09016393442622951 1.0 0.0 1.0 0.016129032258064516 6957.826 0
12.144011111111112 0.3252638888888889 0.0 0.054945054945054944 1.0 0.0 1.0 0.08080808080808081 2156.666 2
30.709025210084032 0.28093684210526315 0.11666666666666667 0.0 0.9285714285714286 0.2672612419124244 1.0 0.1044776119402985 7300.022 0
7.593913461538461 0.2932228915662651 0.22488038277511962 0.014354066985645933 0.58 0.7583548251421142 0.0 0.19305019305019305 3156.04 0
15.461836734693877 0.5013205128205128 0.13131313131313133 0.010101010101010102 1.0434782608695652 0.20851441405707477 1.0 0.1885245901639344 3001.1400000000003 0
113.03571568627451 0.28701234567901235 0.1553398058252427 0.038834951456310676 1.0 0.0 1.0 0.06363636363636363 11821.57 0
12.487369668246446 0.2627083333333333 0.1320754716981132 0.0 1.0 0.4472135954999579 1.0 0.04932735426008968 4061.1670000000004 0
43.49050420168067 0.3787473684210526 0.19166666666666668 0.041666666666666664 1.0588235294117647 0.4287464628562721 1.0 0.12408759124087591 10342.912 0
93.37641176470588 0.32084259259259257 0.11678832116788321 0.014598540145985401 0.9375 0.4425306015783918 1.0 0.10457516339869281 25199.754999999997 1
33.89608737864078 0.2956341463414634 0.009615384615384616 0.08653846153846154 1.0 0.0 1.0 0.037037037037037035 5215.652 0
45.06478205128205 0.24920967741935485 0.08860759493670886 0.0 1.0909090909090908 0.30151134457776363 1.0 0.12222222222222222 7030.527 0
40.649407999999994 0.27726 0.07142857142857142 0.015873015873015872 1.0 0.0 1.0 0.15436241610738255 10158.874 0
29.89310891089109 0.231825 0.0392156862745098 0.049019607843137254 1.0769230769230769 0.2773500981126146 1.0 0.11304347826086956 6021.622 0
14.054617283950618 0.271359375 0.0975609756097561 0.07317073170731707 1.1666666666666667 0.408248290463863 1.0 0.06818181818181818 1352.085 0
8.602745098039216 0.31535889570552145 0.2078239608801956 0.014669926650366748 1.0851063829787233 0.2820566728469694 1.0 0.10307017543859649 7008.845 0
1.3192095238095238 0.23175 0.08490566037735849 0.018867924528301886 1.0 0.0 1.0 0.061946902654867256 161.159 0
7.536006993006993 0.24292128279883382 0.20232558139534884 0.02558139534883721 1.0 0.0 1.0 0.054945054945054944 6356.109 0
5.6072444444444445 0.2792222222222222 0.18382352941176472 0.014705882352941176 1.1538461538461537 0.3755338080994054 1.0 0.087248322147651 1511.976 -2
90.6322441860465 0.3723529411764706 0.011494252873563218 0.04597701149425287 1.0 0.0 1.0 0.03333333333333333 10712.741 2
159.3041263157895 0.36085526315789473 0.15625 0.03125 0.9090909090909091 0.30151134457776363 1.0 0.102803738317757 29931.067 2
42.33123008849557 0.24335555555555555 0.3157894736842105 0.043859649122807015 1.3333333333333333 0.5163977794943222 1.0 0.05 8893.607 0
166.66673333333333 0.4903666666666667 0.0 0.05263157894736842 0.9 0.31622776601683794 1.0 0.11627906976744186 24933.942 0
2.353087633885102 0.26736784409257003 0.2237354085603113 0.026264591439688716 1.0 0.4815434123430768 1.0 0.06375227686703097 4710.089 0
85.46378222222222 0.24973333333333333 0.3053097345132743 0.01327433628318584 0.8703703703703703 0.5132377087236832 1.0 0.32335329341317365 38455.819 -2
6.7314086021505375 0.2279527027027027 0.27807486631016043 0.016042780748663103 0.8181818181818182 0.45989431713313694 1.0 0.34615384615384615 2903.3639999999996 2
9.92062783171521 0.26368825910931176 0.3193548387096774 0.00967741935483871 1.0245901639344261 0.3954935143620591 1.0 0.2824074074074074 6131.858 1
6.822887381275441 0.2684125636672326 0.2953929539295393 0.014905149051490514 0.9184210526315789 0.49395034796775295 1.0 0.33989266547406083 10058.488000000001 0
7.921050119331742 0.2847283582089552 0.30952380952380953 0.007142857142857143 0.8739130434782608 0.5004080355195456 1.0 0.35384615384615387 6634.363 0
2.3314886731391584 0.30678137651821863 0.25161290322580643 0.02903225806451613 0.9813084112149533 0.45518622378627677 1.0 0.2565947242206235 1440.001 2
149.43219117647058 0.2607407407407407 0.21739130434782608 0.014492753623188406 1.0476190476190477 0.3842122429322726 1.0 0.23333333333333334 20321.019 2
7.5887 4.81075 0.09090909090909091 0.0 0.9545454545454546 0.4956020087993372 1.0 0.9090909090909091 161.976 1
75.8246338028169 0.2052142857142857 0.4166666666666667 0.0 0.5882352941176471 0.7122871199007256 0.0 0.19101123595505617 10751.236 -2
10.299079787234042 0.2101 0.3544973544973545 0.031746031746031744 1.0196078431372548 0.5095172648078324 1.0 0.2125 4346.707 -2
15.707684210526317 2.051605263157895 0.375 0.0 0.9812583668005355 0.38701722002964395 1.0 0.8861209964412812 2986.19 -2
393.368 3.11025 0.6470588235294118 0.0 1.0092165898617511 0.359922617842521 1.0 0.9273504273504274 12601.747 1
13.719145985401461 0.9154954128440367 0.572463768115942 0.0 0.9366336633663367 0.40062457983718136 1.0 0.8797909407665505 3762.354 0
6.071296296296296 1.1806190476190477 0.6071428571428571 0.0 0.9476439790575916 0.41975205582754704 1.0 0.8721461187214612 334.535 1
2.7009523809523808 0.931125 0.5909090909090909 0.045454545454545456 0.890625 0.473458958967693 1.0 0.8533333333333334 5560.019 1
382.86878125 0.8135600000000001 0.36363636363636365 0.030303030303030304 1.0 0.31943828249996997 1.0 0.75 24503.597 1
2004.345 1.3252857142857144 0.4 0.0 0.9047619047619048 0.4968472027264951 1.0 0.9264705882352942 36081.225999999995 1
33.81294392523364 1.3108823529411764 0.3888888888888889 0.0 0.9477124183006536 0.43098040056386705 1.0 0.8762886597938144 7247.961 1
12.459887788778877 0.9512685950413223 0.5427631578947368 0.006578947368421052 0.9477496120020693 0.41436593209287514 1.0 0.8641037103263299 7552.688 1
528.376625 2.6360833333333336 0.6470588235294118 0.0 0.9112426035502958 0.4202368879378122 1.0 0.9086021505376344 16909.913 1
74.478 2.416375 0.09523809523809523 0.0 0.8695652173913043 0.48261708906584017 1.0 0.9233576642335767 2984.149 0
69.81938095238095 1.14625 0.6818181818181818 0.0 1.0194174757281553 0.4846786387173048 1.0 0.824 2988.571 1
3.5989999999999998 0.40759999999999996 0.25 0.0 1.0 0.3223291856101521 1.0 0.9069767441860465 319.669 1
1.8607755102040817 1.0383846153846155 0.38 0.02 0.9425287356321839 0.4391334606773573 1.0 0.8392282958199357 1373.877 1
11.462102189781021 1.3441559633027522 0.34057971014492755 0.036231884057971016 0.896969696969697 0.4586350349331216 1.0 0.8932714617169374 3146.38 1
110.47279999999999 0.6955 0.3333333333333333 0.0 1.0506329113924051 0.42058366578909673 1.0 0.9294117647058824 11783.159 1
48.221111111111114 1.5072857142857143 0.2 0.1 1.0 0.3535533905932738 1.0 0.8901098901098901 3447.282 1
3.142875 1.8413333333333333 0.6666666666666666 0.0 1.0 0.39735970711951313 1.0 0.8953488372093024 60.596000000000004 1
50.7242972972973 0.7529310344827586 0.4473684210526316 0.0 0.9759036144578314 0.3583982156693132 1.0 0.867595818815331 3763.898 1
176.35936842105264 1.1825333333333334 0.3 0.15 0.9423076923076923 0.4851389507026144 1.0 0.8863636363636364 6725.218 1
96.42081818181818 0.8031176470588235 0.5652173913043478 0.0 0.961352657004831 0.46053378303939435 1.0 0.9 4942.873 1
2.7657857142857143 1.7114090909090909 0.3103448275862069 0.0 0.9530685920577617 0.40997477695810886 1.0 0.9052287581699346 9687.587 2
40.62398765432099 1.335140625 0.2073170731707317 0.024390243902439025 0.9292364990689013 0.4390266263739963 1.0 0.8675282714054927 6581.537 -2
89.22315384615385 2.5786 0.07142857142857142 0.0 0.868421052631579 0.4313624822087443 1.0 0.890625 2375.102 1
506.0955714285714 8.351 0.2 0.0 0.9379310344827586 0.459780890678321 1.0 0.90625 13524.440999999999 2
37.39053333333333 4.225666666666667 0.1875 0.0 0.813953488372093 0.49586896748207254 1.0 0.9148936170212766 2880.584 1
24.365413333333333 1.5301666666666667 0.14473684210526316 0.0 1.0103092783505154 0.28118921398550245 1.0 0.8844984802431611 3659.675 2
29.132961538461537 2.08425 0.14814814814814814 0.037037037037037035 1.0040322580645162 0.3654954362710449 1.0 0.9018181818181819 2514.263 2
3.0116451612903226 1.4275 0.46875 0.0 1.0 0.32163376045133846 1.0 0.9009287925696594 199.489 1
34.496213483146065 1.8339718309859154 0.2111111111111111 0.0 1.0 0.36159453166063854 1.0 0.9018538713195202 6145.85 1
2.5544074074074077 0.9613809523809524 0.6785714285714286 0.0 0.9565217391304348 0.43344764907363875 1.0 0.8313253012048193 142.901 1
1.504 0.5448571428571428 0.6842105263157895 0.0 1.0129870129870129 0.41337845835156706 1.0 0.8020833333333334 240.417 1
6.34859497206704 1.1462552447552448 0.3370473537604457 0.016713091922005572 0.9561243144424132 0.42325406416093386 1.0 0.8590498625834315 4544.847 -2
7.335 7.335 0.0 0.0 0.7613636363636364 0.5465527954394862 1.0 0.9777777777777777 7768.345 2
335.2194 2.54225 0.5 0.0 0.9873417721518988 0.37531767351568923 1.0 0.9294117647058824 3672.321 -2
628.30175 0.6090833333333333 0.23529411764705882 0.0 1.0254237288135593 0.3323540591428246 1.0 0.8740740740740741 20113.627999999997 -2
10.529758064516129 1.313469387755102 0.36507936507936506 0.031746031746031744 0.9856733524355301 0.38999103571401755 1.0 0.8470873786407767 3874.6189999999997 1
3.9732808219178084 1.3264396551724138 0.2789115646258503 0.006802721088435374 0.9096715328467153 0.4682206498461017 1.0 0.8817377312952535 1174.476 -2
1405.5463333333335 1.449142857142857 0.5 0.0 1.0123456790123457 0.2955430239615642 1.0 0.8901098901098901 25736.506999999998 1
3.1159 1.682625 0.09090909090909091 0.0 0.9878048780487805 0.24814882228332705 1.0 0.8817204301075269 65.352 1
19.772401960784315 0.7470864197530864 0.4368932038834951 0.0 0.9581749049429658 0.42556371110226704 1.0 0.8362480127186009 4036.239 1
604.7584999999999 0.3189375 0.47619047619047616 0.0 1.0158730158730158 0.3356295717325918 1.0 0.75 24193.862999999998 1
458.67590909090904 1.60125 0.16666666666666666 0.0 0.9067796610169492 0.47117398633069285 1.0 0.9076923076923077 10094.807 1
5.780341736694678 0.7446035087719298 0.38268156424581007 0.019553072625698324 0.9486324216144096 0.41584496352341466 1.0 0.8072159396876682 4130.254999999999 1
1.54025 0.9664444444444444 0.0 0.0 0.8131868131868132 0.4450240420992983 1.0 0.875 62.751999999999995 1
123.57290476190477 1.394625 0.2727272727272727 0.0 0.9068627450980392 0.4045942573591398 1.0 0.9026548672566371 5196.4580000000005 1
2.9137560975609755 1.122625 0.23809523809523808 0.0 0.8448275862068966 0.476339728811659 1.0 0.8467153284671532 242.671 1
521.7762 1.222409090909091 0.17857142857142858 0.0 0.9676470588235294 0.3376306374375061 1.0 0.8585858585858586 59738.765 1
2.4313243243243243 1.304896551724138 0.15789473684210525 0.0 0.9644128113879004 0.38565402756634 1.0 0.8808777429467085 182.466 1
14.3129 6.106 0.36363636363636365 0.0 0.9108910891089109 0.49191482801375486 1.0 0.9017857142857143 287.094 1
98.21210843373494 0.8239545454545455 0.35714285714285715 0.023809523809523808 0.9570707070707071 0.4277412030188407 1.0 0.825 16300.683 1
44.13698461538462 1.2326923076923078 0.19696969696969696 0.0 0.9886363636363636 0.3786535966855119 1.0 0.8695652173913043 5740.9169999999995 1
73.72160714285714 0.937 0.40350877192982454 0.0 0.9107142857142857 0.44157597196766696 1.0 0.8549618320610687 8257.076000000001 1
2.78115625 1.30528 0.15151515151515152 0.0 0.7296137339055794 0.533230497954213 1.0 0.8759398496240601 183.392 1
4.385 1.0657222222222222 0.08333333333333333 0.0 1.0 0.29649972666444047 1.0 0.7931034482758621 202.68099999999998 1
150.93742857142857 0.6287272727272727 0.3333333333333333 0.0 0.9861111111111112 0.26500361706569775 1.0 0.8275862068965517 4224.673 1
1189.50614 1.80405 0.0784313725490196 0.058823529411764705 0.963254593175853 0.4087386383563783 1.0 0.8819444444444444 118954.84 1
14.559624060150377 1.0398962264150944 0.3582089552238806 0.014925373134328358 0.9331550802139037 0.46086141625681487 1.0 0.8480725623582767 3876.1440000000002 1
515.47145 0.597125 0.19047619047619047 0.0 0.9027777777777778 0.5079570299621317 1.0 0.7741935483870968 20619.394 1
9.64257142857143 1.3783181818181818 0.3793103448275862 0.0 0.9915611814345991 0.40118005152421415 1.0 0.8909774436090225 10081.412 1
351.4177619047619 1.527375 0.09090909090909091 0.0 0.9463414634146341 0.39858669498544047 1.0 0.9030837004405287 34698.172 1
32.69790476190476 2.066358208955224 0.24705882352941178 0.0 0.9915492957746479 0.39736312769730164 1.0 0.8930817610062893 5500.3189999999995 -2
2.754475 0.15678125 0.8536585365853658 0.0 0.9587628865979382 0.5187630675702677 1.0 0.7028985507246377 234.13 1
7.2784523809523805 1.2359090909090908 0.18604651162790697 0.0 0.963855421686747 0.36279489540738924 1.0 0.8853333333333333 5622.505999999999 1
12.413845679012347 0.8831891891891892 0.37538461538461537 0.006153846153846154 0.9438502673796791 0.39193602277279765 1.0 0.8519362186788155 8049.3189999999995 1
91.58827450980392 1.1212 0.23076923076923078 0.019230769230769232 0.9088669950738916 0.4263774448489113 1.0 0.8864628820960698 9343.284 1
4.053153846153846 1.0184 0.14285714285714285 0.0 0.927536231884058 0.26115358224785395 1.0 0.8313253012048193 9015.143 1
7470.4086 4551.0695 0.3333333333333333 0.16666666666666666 1.0253164556962024 0.31924122959676804 1.0 0.9294117647058824 74706.97 1
68.29683333333332 2.3452916666666668 0.2903225806451613 0.03225806451612903 0.9915254237288136 0.39463317592979624 1.0 0.9194805194805195 4118.148 1
27.24734375 1.2240098039215686 0.3953488372093023 0.0 0.9336550060313631 0.44957175722390263 1.0 0.8653444676409185 6985.722 1
411.3968636363636 1.1098285714285714 0.1111111111111111 0.022222222222222223 1.0040650406504066 0.3885920948251657 1.0 0.845360824742268 36210.353 1
17.695562499999998 1.0418876404494382 0.3008849557522124 0.02654867256637168 0.974910394265233 0.3828663170507178 1.0 0.8315946348733234 3967.182 1
66.46474193548387 1.238875 0.4375 0.03125 0.8682634730538922 0.5095580201968185 1.0 0.8391959798994975 4126.739 1
26.948315789473686 0.9627333333333333 0.45 0.05 0.9124087591240876 0.5212323146209055 1.0 0.8726114649681529 1030.068 1
14.875947368421052 1.0473833333333333 0.18181818181818182 0.0 0.9804469273743017 0.3383231366526004 1.0 0.8229885057471265 9056.561 1
15.259613333333332 1.2580444444444445 0.2168141592920354 0.008849557522123894 0.9589525831564049 0.3741082407477499 1.0 0.862111043319097 6871.58 1
25.22855789473684 0.9016447368421052 0.2617801047120419 0.020942408376963352 0.9525939177101967 0.39523513579661046 1.0 0.854087089381207 9588.523000000001 1
6.480583333333334 3.485333333333333 0.38461538461538464 0.0 0.9656862745098039 0.43696109058762905 1.0 0.9400921658986175 162.103 1
2.385764705882353 1.1250315789473684 0.375 0.0 0.9962640099626401 0.3686410848153327 1.0 0.8699891657638137 637.558 1
1224.4368125 0.30675 0.7647058823529411 0.0 1.0 0.41702882811414954 1.0 0.8045977011494253 39187.937000000005 1
19.4548125 0.551 0.4329896907216495 0.020618556701030927 0.9573863636363636 0.38623316199681174 1.0 0.7839643652561247 5494.399 1
13.892785714285715 2.6456363636363633 0.6 0.0 0.9915254237288136 0.3332246672071097 1.0 0.8872180451127819 1465.585 1
91.57326086956522 0.7452222222222222 0.5531914893617021 0.0 1.0 0.3779644730092272 1.0 0.8272058823529411 8428.850999999999 1
172.07888235294118 1.2622307692307693 0.5555555555555556 0.0 1.0089285714285714 0.36749788782345066 1.0 0.8615384615384616 5856.733 1
11.221223333333333 1.202375 0.40863787375415284 0.04983388704318937 0.9368671828469327 0.4279478997213431 1.0 0.847979797979798 6735.216 1
59.61067272727273 0.9614090909090909 0.19642857142857142 0.017857142857142856 0.9049295774647887 0.4221478756850541 1.0 0.8352941176470589 6575.013 1
30.415294117647058 1.1678088235294117 0.3953488372093023 0.011627906976744186 0.9939024390243902 0.41110280208733607 1.0 0.8512110726643599 5723.724 1
3257.67825 1.5305 0.3333333333333333 0.0 0.9572649572649573 0.35702705376972416 1.0 0.9285714285714286 52188.880000000005 1
1354.2818 4.331583333333334 0.125 0.0625 0.7955801104972375 0.5240677653827995 1.0 0.9187817258883249 40630.86 1
83.34506060606061 0.48207692307692307 0.6470588235294118 0.0 1.009433962264151 0.3235306129290491 1.0 0.7571428571428571 5499.679 2
278.81964705882353 2.8718461538461537 0.4444444444444444 0.0 0.8461538461538461 0.551102102927814 1.0 0.8666666666666667 9526.315 1
77.23296969696969 10.607307692307693 0.2647058823529412 0.029411764705882353 0.9683794466403162 0.4618245199152278 1.0 0.8815331010452961 5098.621 1
17.10032110091743 1.8831724137931034 0.24545454545454545 0.00909090909090909 0.908150064683053 0.46715800240719274 1.0 0.8754246885617214 3730.194 1
51.12892 0.50595 0.5526315789473685 0.0 0.7552447552447552 0.5646521452609868 1.0 0.7900552486187845 7671.852 1
10.95188775510204 1.4069787234042552 0.2983050847457627 0.013559322033898305 0.91478093403948 0.44652168080421534 1.0 0.8756323777403036 6442.976000000001 1
374.2768823529412 1.0052307692307692 0.5555555555555556 0.0 0.8018867924528302 0.5592479869177165 1.0 0.8548387096774194 12729.023000000001 1
217.68735714285714 34.68881818181818 0.3333333333333333 0.06666666666666667 0.983957219251337 0.4334896636398018 1.0 0.9257425742574258 6201.623 1
9.60703409090909 3.3937285714285714 0.30337078651685395 0.0449438202247191 0.884020618556701 0.4630293754158405 1.0 0.9289704708699122 1692.4589999999998 1
333.8471666666667 3.012 0.0 0.0 0.9259259259259259 0.44095855184409843 1.0 0.9204545454545454 4011.688 1
14.270494845360824 1.0408181818181819 0.3469387755102041 0.04081632653061224 0.8548057259713702 0.5292494038188006 1.0 0.8330494037478705 2772.152 1
415.0861818181818 1.49625 0.25 0.0 1.0 0.3380617018914066 1.0 0.8554216867469879 9132.338 1
41.36344444444445 1.4025714285714286 0.4 0.1 1.0095238095238095 0.3250809986413474 1.0 0.9130434782608695 9186.988000000001 1
744.1891428571429 5.5334 0.25 0.25 0.9130434782608695 0.4605819041132206 1.0 0.92 10427.106 1
763.1263333333334 18.355444444444444 0.23076923076923078 0.0 0.9882352941176471 0.3271128262854396 1.0 0.8673469387755102 18318.34 1
15.577421800947867 1.469702380952381 0.29245283018867924 0.0330188679245283 0.9151967435549525 0.4363021127236503 1.0 0.8742586002372479 6625.655 1
9.455559523809523 0.9310149253731343 0.4319526627218935 0.029585798816568046 0.9064143007360673 0.4336756886327191 1.0 0.8491071428571428 3190.6270000000004 1
625.9418571428571 1.268375 0.2727272727272727 0.045454545454545456 1.0188679245283019 0.4360238542070332 1.0 0.828125 26291.203999999998 1
368.354125 0.8684166666666666 0.058823529411764705 0.11764705882352941 1.0 0.17407765595569785 1.0 0.7976190476190477 12044.854 1
5.8415 5.8415 0.2 0.2 0.9102564102564102 0.514362483632666 1.0 0.9397590361445783 5636.058 1
1580.656 2.041333333333333 0.3076923076923077 0.07692307692307693 1.0212765957446808 0.3585731401899838 1.0 0.8785046728971962 37938.191999999995 1
146.75083333333333 4.6795 0.2857142857142857 0.0 0.8932038834951457 0.3938901349566185 1.0 0.9363636363636364 6569.976 1
86.03826086956522 1.0197222222222222 0.2916666666666667 0.041666666666666664 1.0 0.3178208630818641 1.0 0.8064516129032258 3960.6760000000004 1
30.940175 0.8474583333333333 0.256198347107438 0.049586776859504134 0.8981937602627258 0.4510368412137242 1.0 0.8342465753424657 7434.866 1
20.708296296296297 0.8498125 0.21951219512195122 0.0 1.0023419203747073 0.2866254122499909 1.0 0.8388998035363457 4693.126 1
17.66086111111111 0.9636428571428571 0.2972972972972973 0.0 0.7529880478087649 0.588847209262788 1.0 0.8715277777777778 1278.225 1
6.883503289473684 0.7632757201646091 0.3114754098360656 0.009836065573770493 0.9796747967479674 0.36361339764154144 1.0 0.8013029315960912 4767.491 1
142.5873076923077 0.831 0.0 0.0 0.9438202247191011 0.3801779057768323 1.0 0.8640776699029126 4052.3540000000003 1
3005.6620000000003 1.8465714285714285 0.1 0.0 0.875 0.5017574746630903 1.0 0.8780487804878049 54105.978 1
74.57215873015873 0.9075 0.296875 0.078125 0.8434504792332268 0.5167981847159789 1.0 0.830238726790451 9398.587 1
19.47975 1.6084642857142857 0.21621621621621623 0.0 0.9861111111111112 0.3670012567834341 1.0 0.8537549407114624 1489.686 1
6.6206700000000005 0.817515 0.32934131736526945 0.003992015968063872 0.970873786407767 0.3915224373457526 1.0 0.8254355400696864 6622.558 1
46.86473076923077 1.096983870967742 0.1518987341772152 0.012658227848101266 0.9974811083123426 0.3295140327031058 1.0 0.8340336134453782 7316.103 1
50.11269230769231 1.5557 0.14285714285714285 0.0 1.0136986301369864 0.31149954008043035 1.0 0.8390804597701149 1307.801 1
87.77392592592592 1.8148571428571427 0.21428571428571427 0.0 0.9330357142857143 0.4234999151014877 1.0 0.8888888888888888 4767.323 1
3.386767676767677 1.019607594936709 0.43 0.01 0.8946280991735537 0.4892763766937683 1.0 0.8287671232876712 672.52 1
27.567354166666664 1.2468157894736842 0.20408163265306123 0.02040816326530612 0.9507575757575758 0.3917390712481839 1.0 0.8434504792332268 11325.875 1
2433.9620714285716 3.5256363636363637 0.2 0.0 0.848314606741573 0.4923395914861608 1.0 0.9222797927461139 68153.61499999999 1
10.671817391304348 1.2866195652173913 0.43103448275862066 0.02586206896551724 0.8302139037433155 0.5269664717512249 1.0 0.8657407407407407 2458.2529999999997 1
94.1432105263158 3.0241000000000002 0.23076923076923078 0.0 0.7543103448275862 0.5543831237130954 1.0 0.8560885608856088 7159.028 1
111.0458695652174 2.482666666666667 0.20833333333333334 0.0 0.8796296296296297 0.476764143192712 1.0 0.9 5109.463 1
674.6282307692308 1.70995 0.2222222222222222 0.1111111111111111 1.0 0.37647348308289513 1.0 0.8258064516129032 36658.833 1
144.47275000000002 0.87572 0.3333333333333333 0.09090909090909091 1.0053475935828877 0.3359679676744761 1.0 0.85 9250.048999999999 1
11.730320754716981 1.7531666666666668 0.2222222222222222 0.018518518518518517 0.9661971830985916 0.3742954443391739 1.0 0.8679706601466992 1247.175 1
5.163752808988764 1.477887323943662 0.13333333333333333 0.022222222222222223 0.9634551495016611 0.35372045254806733 1.0 0.869942196531792 920.5509999999999 1
286.9665 286.9665 0.0 0.0 0.9720670391061452 0.4672435016803681 1.0 0.9835164835164835 1227.722 1
2.5160416666666667 0.8671578947368421 0.28 0.04 0.991869918699187 0.350548398458 1.0 0.831081081081081 121.791 1
2.759653333333333 0.8227 0.21052631578947367 0.07894736842105263 0.8193384223918575 0.4849074916767522 1.0 0.837953091684435 416.682 1
15.72714 1.4688 0.27450980392156865 0.0196078431372549 0.9149560117302052 0.5102874747462164 1.0 0.8698979591836735 1575.186 1
68.92518181818183 0.23616455696202532 0.1 0.02 2.0 0.0 2.0 0.0196078431372549 8435.797999999999 1
217.02247058823528 0.42023076923076924 0.4444444444444444 0.0 1.0 0.3863337046431279 1.0 0.7906976744186046 7382.517 1
26.484485294117647 0.9008981481481482 0.32116788321167883 0.0 0.9053435114503817 0.44948372986090296 1.0 0.827020202020202 7207.498 1
9.419538461538462 0.9174634146341464 0.1320754716981132 0.0 0.8579234972677595 0.45212442783031126 1.0 0.8735083532219571 983.2449999999999 1
19.88882967032967 0.9818 0.1092896174863388 0.0273224043715847 0.9350961538461539 0.4169905248841893 1.0 0.819704433497537 7243.4259999999995 1
4.829021097046414 0.970021164021164 0.18907563025210083 0.037815126050420166 0.8083875632682574 0.5091227836932919 1.0 0.8531770512029612 2302.1890000000003 1
5.567565671641791 1.0206100746268656 0.21609538002980627 0.01639344262295082 0.8905547226386806 0.4611650544950669 1.0 0.8325012481278082 7462.985 1
4539.0106000000005 2.56975 0.36363636363636365 0.18181818181818182 0.9716981132075472 0.4013678320043033 1.0 0.905982905982906 90791.39199999999 1
303.0865925925926 0.6394285714285715 0.2857142857142857 0.0 1.0 0.3086066999241838 1.0 0.7910447761194029 16367.771 1
76.62155555555556 0.6920714285714286 0.02702702702702703 0.0 1.0 0.20483662259967567 1.0 0.7955801104972375 5526.18 1
2807.851285714286 15.4878 0.5 0.0 0.6823529411764706 0.6212844741011186 1.0 0.9139784946236559 39317.240999999995 1
149.20903773584905 1.7704047619047618 0.14814814814814814 0.037037037037037035 0.8579387186629527 0.5171766786162141 1.0 0.8692493946731235 15823.382 1
5.152470459518599 0.9753397260273973 0.26419213973799127 0.017467248908296942 0.9061433447098977 0.43401643645017707 1.0 0.8365453247680228 4726.387000000001 1
24.50253086419753 1.301359375 0.14634146341463414 0.06097560975609756 0.9369565217391305 0.4205291280765936 1.0 0.8487084870848709 3968.943 1
100.48036363636363 2.09875 0.08333333333333333 0.0 0.9518072289156626 0.37946092886155136 1.0 0.8736842105263158 2214.816 1
117.34088679245284 1.3977857142857142 0.2777777777777778 0.0 0.9591836734693877 1.256539862692717 1.0 0.8789237668161435 12445.812 1
2346.3275000000003 6.2410000000000005 0.0 0.0 1.0116279069767442 0.35954828020764273 1.0 0.9247311827956989 28156.342 1
24.05369798657718 0.7639327731092437 0.36666666666666664 0.0 0.8919270833333334 0.45391236815243946 1.0 0.8366013071895425 7170.14 1
29.766020833333332 1.2641052631578948 0.12244897959183673 0.061224489795918366 0.9783393501805054 0.3289753311149407 1.0 0.8496932515337423 2861.465 1
66.19442857142857 1.9521818181818182 0.2 0.06666666666666667 0.961038961038961 0.44252738367717936 1.0 0.8369565217391305 2299.532 1
27.796000000000003 2.891 0.25 0.125 1.0 0.34710506725031165 1.0 0.9130434782608695 392.97 1
233.47801098901098 1.628763888888889 0.17391304347826086 0.021739130434782608 0.9269662921348315 0.39725189462002575 1.0 0.8855721393034826 42500.953 1
2483.6277 1.09825 0.0 0.09090909090909091 0.8888888888888888 0.3955938860646178 1.0 0.8674698795180723 49680.734 1
239.21074509803924 1.0158 0.3076923076923077 0.038461538461538464 0.9107806691449815 0.46464051286138175 1.0 0.838006230529595 24452.424 1
44.05340540540541 1.1816610169491526 0.17333333333333334 0.013333333333333334 0.9151376146788991 0.4791277797148972 1.0 0.8532289628180039 6520.206 1
2147.637666666667 2.9885555555555556 0.3076923076923077 0.0 0.9619047619047619 0.4142604514212304 1.0 0.8898305084745762 51127.259 1
388.8927948717949 1.4289032258064516 0.2 0.05 0.9400921658986175 0.3862281886247335 1.0 0.8443579766536965 30338.553 1
12.427516666666667 1.5066458333333332 0.13114754098360656 0.0 0.9042056074766355 0.47186021306215115 1.0 0.8752556237218814 5660.739 1
23.815995433789954 0.7594971428571429 0.2818181818181818 0.004545454545454545 0.9655963302752294 0.3569353704491574 1.0 0.7985347985347986 10336.593 1
352.7424705882353 1.1597692307692309 0.0 0.0 0.9529411764705882 0.40549447629791857 1.0 0.8252427184466019 8459.011 1
46.02808695652174 1.076931506849315 0.22580645161290322 0.043010752688172046 0.9867330016583747 0.335828088470019 1.0 0.8663793103448276 8477.382 1
723.7954102564103 0.8035483870967742 0.275 0.0 0.9226519337016574 0.46497985064960495 1.0 0.8190045248868778 56465.852 1
32.38067857142857 1.0745454545454545 0.06896551724137931 0.0 1.0 0.28988551782622424 1.0 0.8053691275167785 1294.296 1
1.2996031746031746 0.329 0.5905511811023622 0.023622047244094488 0.9414893617021277 0.37492315997618075 1.0 0.7475149105367793 333.952 1
2.0003831417624522 0.45505769230769233 0.5381679389312977 0.007633587786259542 0.9288135593220339 0.41263315996513733 1.0 0.7715780296425457 1044.725 1
290.8945217391304 1.1746666666666667 0.16666666666666666 0.041666666666666664 0.9915254237288136 0.38108622780589063 1.0 0.8309859154929577 13386.672999999999 1
30.645125 0.87628 0.36363636363636365 0.0 0.9940476190476191 0.41667379520563036 1.0 0.835820895522388 1963.577 1
17.698780821917808 0.8842241379310345 0.25675675675675674 0.04054054054054054 1.018450184501845 0.35956634929629067 1.0 0.7855072463768116 2586.01 1
105.297625 1.793 0.058823529411764705 0.0 1.0 0.3563483225498992 1.0 0.8819444444444444 3486.118 1
758.0017727272727 1.043 0.391304347826087 0.0 0.9883720930232558 0.3251854148567671 1.0 0.7889908256880734 33354.021 1
51.68822641509434 0.9809761904761904 0.12962962962962962 0.037037037037037035 0.9253112033195021 0.4409062715010557 1.0 0.8169491525423729 5514.406 1
229.15530769230767 1.4507 0.07142857142857142 0.0 1.0 0.29981267559834457 1.0 0.8653846153846154 5959.79 1
861.2019285714287 1.8063636363636364 0.2 0.0 1.125 1.1624395996286474 1.0 0.8421052631578947 24114.790999999997 0
177.91454166666668 0.7942631578947369 0.24489795918367346 0.02040816326530612 1.0 0.36055512754639896 1.0 0.804 17082.768 1
42.674179104477616 1.518754716981132 0.25 0.014705882352941176 0.9774774774774775 0.3611330763228287 1.0 0.8671875 5719.474 1
30.12356756756757 1.2275681818181818 0.20535714285714285 0.017857142857142856 0.9686346863468634 0.40892716059994594 1.0 0.8287461773700305 6693.243 1
21.512 0.46420833333333333 0.375 0.03125 1.0 0.4309458036856673 1.0 0.815028901734104 1406.407 1
857.9146666666666 2.6094166666666667 0.4375 0.0625 1.011111111111111 0.46190724406783995 1.0 0.8490566037735849 26503.355 1
79.883 1.3160571428571428 0.4444444444444444 0.0 0.9473684210526315 0.44618904983450647 1.0 0.8777173913043478 7037.734 1
290.60650000000004 0.9775294117647059 0.17391304347826086 0.0 1.0 0.37230882528639936 1.0 0.816 12788.155999999999 1
47.85017391304348 1.0673333333333332 0.08333333333333333 0.041666666666666664 0.8439716312056738 0.451721911029063 1.0 0.8545454545454545 2219.825 1
30.290395061728393 0.786109375 0.2682926829268293 0.06097560975609756 0.9707792207792207 0.4222516539234449 1.0 0.7897435897435897 4907.326999999999 1
78.14479310344828 0.8464782608695652 0.23333333333333334 0.0 1.0224719101123596 0.336341550223188 1.0 0.7478991596638656 4534.5599999999995 1
31.574433962264152 1.3923095238095238 0.2336448598130841 0.009345794392523364 0.8496350364963504 0.5007485752478528 1.0 0.86489898989899 6693.369 1
409.4722 2.05725 0.14285714285714285 0.09523809523809523 1.0 0.2988071523335984 1.0 0.8432835820895522 16379.365000000002 1
1.70471875 0.5906274509803922 0.5076923076923077 0.03076923076923077 0.9754098360655737 0.3385545346129171 1.0 0.7896440129449838 226.34300000000002 1
2.3478205128205127 1.1444838709677418 0.2 0.0 0.8934426229508197 0.4767409430030933 1.0 0.8591549295774648 185.41 1
742.7058695652174 0.9284444444444444 0.20833333333333334 0.041666666666666664 1.0204081632653061 0.3511275456792531 1.0 0.8032786885245902 34169.725000000006 1
15.988811881188118 1.0653625 0.35294117647058826 0.0196078431372549 0.9847161572052402 0.42589335404097683 1.0 0.8178571428571428 3840.602 1
1155.473 3.51975 0.2727272727272727 0.09090909090909091 1.0133333333333334 0.34848449239735396 1.0 0.872093023255814 23111.233 1
772.6770259740259 0.3978688524590164 0.5128205128205128 0.02564102564102564 0.92018779342723 0.4935584712749624 1.0 0.7319587628865979 118994.687 1
55.45794117647059 0.9889629629629629 0.3142857142857143 0.02857142857142857 0.9008620689655172 0.4399912808374921 1.0 0.8689138576779026 3785.0190000000002 1
1.718825 0.79459375 0.12195121951219512 0.0 0.9774011299435028 0.31899704793246136 1.0 0.8119266055045872 144.082 1
30.193278195488723 0.7097075471698113 0.3880597014925373 0.007462686567164179 0.9416498993963782 0.4195520054140674 1.0 0.7876386687797148 8032.386 1
15.930779220779222 0.526311475409836 0.5384615384615384 0.01282051282051282 1.0112359550561798 0.3520418001861622 1.0 0.7739130434782608 2454.5510000000004 1
20.4518125 1.3375000000000001 0.35294117647058826 0.0 0.9534883720930233 0.6117857515058307 1.0 0.8349514563106796 656.547 1
171.77820779220778 1.0437377049180327 0.23076923076923078 0.01282051282051282 0.9547038327526133 0.41142405694806944 1.0 0.7863013698630137 26464.04 1
493.14199999999994 0.7395 0.0 0.0 0.7096774193548387 0.563001373874498 1.0 0.9587628865979382 2988.857 1
2.7378260869565216 0.27316666666666667 0.75 0.0 0.738255033557047 0.5249964369809907 1.0 0.861271676300578 605.8330000000001 1
330.06332432432436 1.0807586206896551 0.15789473684210525 0.02631578947368421 0.9362745098039216 0.398096261766879 1.0 0.8429752066115702 24427.007 1
748.4848947368421 0.8310666666666667 0.1 0.0 1.027027027027027 0.2853967664988983 1.0 0.7872340425531915 28447.421000000002 1
777.3304285714286 1.0994545454545455 0.2 0.0 1.0116279069767442 0.35954828020764273 1.0 0.8514851485148515 21771.381999999998 1
5.244857142857143 1.1331875 0.045454545454545456 0.0 1.0 0.2917299829957891 1.0 0.811965811965812 225.13400000000001 1
4485.2863333333335 2.070222222222222 0.07692307692307693 0.0 1.0 0.38851434494290565 1.0 0.8916666666666667 107652.807 1
9.014875 4.156 0.1111111111111111 0.0 0.9504950495049505 0.47699554764719504 1.0 0.9181818181818182 151.676 1
33.692325000000004 0.7848437500000001 0.25925925925925924 0.012345679012345678 0.9844155844155844 0.41428431482074424 1.0 0.8261802575107297 5439.919 1
0.9091702127659574 0.5201891891891892 0.20833333333333334 0.0 0.96875 0.39559583288013284 1.0 0.7272727272727273 85.773 1
443.84908333333334 0.9822222222222222 0.07692307692307693 0.07692307692307693 0.978021978021978 0.39378567148533355 1.0 0.875 10668.544 1
25.23981818181818 0.366875 0.4166666666666667 0.0 0.9459459459459459 0.4345330320496287 1.0 0.8604651162790697 582.722 1
57.55842857142857 0.44657142857142856 0.5 0.0 0.781021897810219 0.5384526915036718 1.0 0.791907514450867 4028.973 1
3.854015706806283 1.3404013157894736 0.15625 0.052083333333333336 0.8863849765258216 0.47617344386920984 1.0 0.847255369928401 1476.37 1
13.665686390532544 0.7650296296296296 0.31176470588235294 0.029411764705882353 1.0076190476190476 0.3807624026477452 1.0 0.7553956834532374 4618.066000000001 1
41.31664285714286 1.059909090909091 0.3793103448275862 0.034482758620689655 0.930379746835443 0.5426649105961174 1.0 0.8449197860962567 2316.9139999999998 1
13.963911111111111 1.18025 0.2608695652173913 0.043478260869565216 0.9581881533101045 0.38091836872929746 1.0 0.8618618618618619 1256.9679999999998 1
44.65588888888889 1.245142857142857 0.4 0.0 0.5568181818181818 0.5644233054291776 1.0 0.8979591836734694 818.7750000000001 1
80.0155925925926 0.6517142857142857 0.21428571428571427 0.0 1.0305343511450382 0.30227168873535265 1.0 0.8238993710691824 4335.121999999999 1
2.517121917808219 0.6791147260273973 0.3857729138166895 0.012311901504787962 0.9429059829059829 0.4342805815491918 1.0 0.800054704595186 3685.886 1
105.71084615384616 1.0089677419354839 0.05 0.0 1.0049261083743843 0.33739739101465077 1.0 0.8353909465020576 8250.318 1
0.5192716049382716 0.247296875 0.13414634146341464 0.04878048780487805 1.0 0.0 1.0 0.03529411764705882 67.85300000000001 0
148.49271304347826 0.3436739130434783 0.29310344827586204 0.008620689655172414 1.0434782608695652 0.47465402419841235 1.0 0.16546762589928057 34150.426999999996 2
15.949157024793388 0.47941666666666666 0.3524590163934426 0.0 0.8181818181818182 0.5978016152201954 1.0 0.41904761904761906 3857.939 -2
62.92657446808511 0.43496 0.22105263157894736 0.0 0.9655172413793104 0.3254402096380548 1.0 0.23387096774193547 11823.771 2
42.28913265306122 0.25903846153846155 0.41414141414141414 0.0 1.0833333333333333 0.5149286505444373 1.0 0.10810810810810811 8286.547 0
0.7490053475935828 0.2688389261744967 0.26063829787234044 0.0425531914893617 1.0350877192982457 0.32540701330914323 1.0 0.23265306122448978 272.921 1
0.666940281030445 0.2275982852363028 0.2836594748285666 0.00769359424652952 0.987600291757841 0.39038555241294665 1.0 0.18653061224489795 8042.018 2
16.979740425531915 0.2859601063829787 0.25902335456475584 0.012738853503184714 1.0454545454545454 0.3685663716672059 1.0 0.15742397137745975 15959.162 1
39.12799212598425 0.3325940594059406 0.203125 0.0 1.0 0.0 1.0 0.1232876712328767 9924.457 0
10.239662551440329 0.17122680412371133 0.47950819672131145 0.004098360655737705 0.3717948717948718 0.5608197700855548 0.0 0.2422360248447205 4960.088 2
1.0714923076923077 0.3044567307692308 0.18773946360153257 0.038314176245210725 1.0454545454545454 0.33593550657351257 1.0 0.2521489971346705 556.7909999999999 1
0.8196832043695949 0.22861621621621622 0.2737201365187713 0.0072810011376564275 1.0147275405007363 0.39137591906262326 1.0 0.13381947181710682 7199.898999999999 0
23.391411499436302 0.2017842031029619 0.2286036036036036 0.0 1.016260162601626 0.3617747654839361 1.0 0.12166172106824925 41492.503 0
6.669457975986278 0.2437725321888412 0.24315068493150685 0.0 1.021505376344086 0.2940901452917749 1.0 0.13737075332348597 7768.9130000000005 0
1046.0204999999999 1.4951666666666665 0.1111111111111111 0.0 0.22016808100335017 0.06426095818247038 0.231372565031052 0.8953488372093024 16743.244 2
182.43708333333333 3.6654444444444447 0.0 0.0 0.21774511160328985 0.08479767721010789 0.0 0.9248554913294798 4381.209 0
46.1486129032258 2.2333265306122447 0.06349206349206349 0.0 0.18864416227116637 0.08274083896893364 0.0 0.9153225806451613 5724.482 0
82.46436363636363 1.5208846153846154 0.0 0.0 0.20291395547489327 0.06333119153404373 0.19607844948768602 0.8944099378881988 5451.6900000000005 2
8.27125 1.2664444444444445 0.0 0.0 0.2081081209754622 0.08860597249609706 0.0 0.9192546583850931 221.57 2
15.419 7.285571428571428 0.2 0.0 0.19533652570602064 0.06399729880044575 0.19215688109397897 0.8809523809523809 334.075 0
7.418458646616541 1.363590588235294 0.1350844277673546 0.0 0.18796923154578732 0.08296199825483988 0.0 0.8795207956600362 7894.654 2
8.627529411764707 0.9524315789473684 0.07531380753138076 0.0 0.20068367603712262 0.06774743314245847 0.0 0.8382949932341002 4106.965 1
35.79144970414201 1.6476814814814815 0.07647058823529412 0.0 0.1965924219688931 0.07481275375550822 0.0 0.8903932946486138 12097.696 2
10.925152173913045 1.4526258503401361 0.08108108108108109 0.005405405405405406 0.18338806722776638 0.08058969380860913 0.0 0.8893540669856459 4073.931 1
6.545545454545454 1.5561142857142858 0.06666666666666667 0.0 0.20745099397266614 0.08244422835097007 0.0 0.8831168831168831 16708.537 -2
3.2986666666666666 3.8634000000000004 0.0 0.0 0.21116140083624768 0.04791712650846424 0.223529428243637 0.9176470588235294 39.949 0
178.4992727272727 1.655 0.0 0.0 0.22020411848673346 0.06817484814773306 0.215686291456223 0.9344262295081968 3951.014 0
1903.270375 3.9235 0.0 0.0 0.21434328511153186 0.03960169346369529 0.203921586275101 0.8902439024390244 30511.784 1
6361.8594 5.4745 0.3333333333333333 0.0 0.20075554380176275 0.07508185366000097 0.0 0.9478260869565217 63623.320999999996 1
5.464285714285714 1.8114000000000001 0.0 0.0 0.16325792853648846 0.10532314644795922 0.0 0.9420289855072463 77.97399999999999 1
9.72058064516129 1.9259166666666667 0.0 0.0 0.20510259500801797 0.05205556331510863 0.19215688109397897 0.8900343642611683 604.57 0
13.3605 1.6537499999999998 0.0 0.0 0.15043279488344455 0.11666470252602887 0.0 0.940677966101695 176.672 2
628.939 628.939 0.0 0.0 0.2079866215950105 0.0661088385962663 0.24313727021217302 0.9761904761904762 1270.94 2
953.2381578947368 1.7598666666666667 0.0 0.0 0.21217039856931263 0.05315043247182813 0.223529428243637 0.8529411764705882 37532.718 2
549.1079090909091 2.995375 0.0 0.0 0.20010894592161532 0.10196143695122792 0.0 0.9 12090.591 2
196.63392857142856 4.689454545454545 0.06666666666666667 0.0 0.2190953793681481 0.07359187063808421 0.227450996637344 0.9214659685863874 5524.189 2
5.3708285714285715 1.381392857142857 0.0 0.0 0.2155631903575675 0.05819649665740232 0.211764723062515 0.861003861003861 377.72400000000005 2
8.470289954337899 1.0052571428571428 0.13439635535307518 0.002277904328018223 0.20603108189858788 0.06450243220253483 0.0 0.8467713787085515 7421.876 2
11.191907563025211 1.8360736842105263 0.05 0.0 0.1927100076840325 0.07048030913512339 0.0 0.9021207177814029 2668.065 0
25.83011111111111 1.4704285714285714 0.1 0.0 0.19190222702243112 0.0802128423531885 0.0 0.8850574712643678 467.37 2
93.20722857142857 2.055107142857143 0.05555555555555555 0.0 0.20033937931442872 0.062106912064684404 0.18431372940540303 0.896551724137931 6528.394 0
1239.8968750000001 2.5815 0.0 0.0 0.20128852810178488 0.08341408648150922 0.0 0.9395973154362416 21150.769 1
30.997925925925927 2.3528372093023258 0.2545454545454545 0.0 0.20176907552613155 0.08400752011309097 0.0 0.8910891089108911 3352.166 2
7.084985257985258 1.3321353846153847 0.07107843137254902 0.00980392156862745 0.20141696630391762 0.08024439251615127 0.0 0.8708452041785375 5785.398 2
378.9647142857143 1.0665454545454545 0.26666666666666666 0.0 0.19517754159263667 0.060274165737433924 0.239215701818466 0.8314606741573034 10617.701000000001 1
25.091361111111112 1.5866071428571429 0.10810810810810811 0.0 0.19752257702842593 0.06767625527255267 0.20000001788139302 0.8948863636363636 1807.797 0
3.7216521739130433 2.221611111111111 0.041666666666666664 0.0 0.1998338440885652 0.06146714754932158 0.207843154668808 0.9365079365079365 180.474 -2
960.88753125 1.08824 0.18181818181818182 0.0 0.21010894543594788 0.0696102589491181 0.203921586275101 0.872093023255814 61518.153000000006 1
78.23069767441861 3.4393823529411764 0.045454545454545456 0.0 0.20173039235514134 0.07557653808954429 0.0 0.9045553145336226 6731.546 -2
27.179 0.39549999999999996 0.0 0.0 0.19762203874106107 0.05307093833352916 0.18431372940540303 0.9591836734693877 184.544 1
13.260194029850746 2.10375625 0.1188118811881188 0.0 0.18251486827100474 0.08006318972139242 0.0 0.9160432252701579 5336.959 2
429.39000000000004 3.377 0.0 0.0 0.2061840255673115 0.05275560050242464 0.21960785984993 0.9397590361445783 9334.07 1
4162.40775 3.358 0.2 0.0 0.19453782694680355 0.08042359892947457 0.0 0.9438202247191011 33318.925 0
132.44314285714287 3.939 0.0 0.0 0.1609517081027351 0.10412562495718196 0.0 0.9534883720930233 5222.013 0
35.1516 2.6917222222222223 0.021739130434782608 0.0 0.20389644295359274 0.08855721427557331 0.0 0.9105058365758755 3164.511 0
9.437468749999999 1.5516 0.06060606060606061 0.0 0.1962874303323722 0.07658705558167399 0.0 0.90625 612.529 0
4.9272609561752985 1.1866558603491273 0.1312127236580517 0.0019880715705765406 0.19973358203544422 0.07699833718395789 0.0 0.8639437381660806 4955.755 2
30.433926315789474 1.7382236842105263 0.03125 0.010416666666666666 0.1941636874455615 0.07964511981781089 0.0 0.8693877551020408 5789.182 0
98.74628947368421 1.0414666666666668 0.02564102564102564 0.0 0.2074145631549137 0.06584780458396246 0.235294133424759 0.8243243243243243 7598.406 2
7.049333333333333 1.9681111111111111 0.23076923076923078 0.0 0.21518352271145227 0.0801775549030466 0.0 0.9 172.511 0
22.408472972972973 1.0521694915254238 0.10666666666666667 0.0 0.18308232663478255 0.08088485591416583 0.0 0.8466257668711656 3318.901 0
6.1174437086092714 1.3318916666666667 0.09868421052631579 0.0 0.19318228063648316 0.0719769695696573 0.0 0.8942240779401531 1867.721 0
6.241070393374741 1.5096761658031088 0.128099173553719 0.0 0.1931057948551797 0.06836189961044813 0.0 0.884514435695538 6030.959 1
20.22028961748634 1.1388424657534246 0.09239130434782608 0.005434782608695652 0.19187676303870912 0.07911518397703805 0.0 0.8632986627043091 7401.198 1
6.4435863636363635 1.3083863636363637 0.02262443438914027 0.004524886877828055 0.20239053914419275 0.062197526021941715 0.211764723062515 0.8652439024390244 2840.703 0
322.228984375 2.446392156862745 0.046153846153846156 0.0 0.1919070932848059 0.07760983972360118 0.0 0.9062049062049062 41255.070999999996 1
28.427 1.4516521739130435 0.05128205128205128 0.0 0.19107831913519877 0.07350022390130156 0.0 0.8708609271523179 6601.612 1
11.346662790697675 1.4741764705882352 0.05747126436781609 0.022988505747126436 0.20708622999818013 0.06348076298070844 0.21960785984993 0.8621236133122029 1954.232 0
12.777642405063292 1.1502261904761906 0.11041009463722397 0.00946372239747634 0.20330664989464164 0.07267831431870106 0.0 0.8704536166734778 8080.173000000001 2
7.427022346368715 1.3306503496503497 0.06111111111111111 0.005555555555555556 0.19804569946067171 0.0736475244226634 0.0 0.8706896551724138 2687.442 0
1974.3009285714286 3.6096363636363638 0.13333333333333333 0.0 0.20871041944393748 0.06911109413532875 0.168627455830574 0.8739495798319328 55281.246 0
558.6213750000001 3.74 0.1111111111111111 0.0 0.18971914203988546 0.08364791471738336 0.0 0.891566265060241 9454.507 0
780.7987272727272 1.088 0.0 0.0 0.19513037260417102 0.07374528699209573 0.203921586275101 0.883495145631068 17178.391 0
5.467466666666667 1.146 0.0625 0.0 0.21233397962585573 0.08074492551489154 0.207843154668808 0.8857142857142857 9809.041000000001 2
11.217520547945206 1.425103448275862 0.16216216216216217 0.0 0.19672743598340264 0.08789168657479954 0.0 0.8847352024922118 1638.5520000000001 2
7.481999999999999 2.1896 0.0 0.0 0.2079101870966773 0.07982365687307431 0.19215688109397897 0.936 106.368 1
146.53700961538462 1.0879277108433736 0.06666666666666667 0.009523809523809525 0.21101929685793636 0.06836020539134957 0.21960785984993 0.852112676056338 30487.2 1
4.005414285714286 0.8635714285714285 0.4507042253521127 0.014084507042253521 0.20121058488021726 0.05752021957940701 0.207843154668808 0.7641196013289037 560.046 1
18.441372549019608 3.1657 0.057692307692307696 0.0 0.19921987846520192 0.0790007504442712 0.0 0.9154471544715447 1890.065 0
17.822 1.9969999999999999 0.0 0.0 0.20413471094292143 0.07492341718649644 0.215686291456223 0.9583333333333334 147.462 1
713.28525 2.1586666666666665 0.0 0.0 0.12712832757189305 0.10989655537209007 0.0 0.9404761904761905 6011.861 0
735.30525 0.9815 0.1111111111111111 0.0 0.21060425514469347 0.06785399337755203 0.215686291456223 0.9158878504672897 17352.945 0
10.918478260869565 1.323611111111111 0.08333333333333333 0.0 0.18797633501718633 0.10681308375323745 0.0 0.8983050847457628 505.663 0
2273.321476190476 0.6691875 0.45454545454545453 0.0 0.22092234955153653 0.06343112925262688 0.21960785984993 0.8905472636815921 95493.586 0
17.158166666666666 1.9565 0.0 0.0 0.175478395209255 0.11305869491085857 0.0 0.9222222222222223 212.75900000000001 0
12.730688524590164 1.9342708333333334 0.06451612903225806 0.0 0.2013898538719993 0.07815958486059338 0.0 0.9064856711915535 1555.645 0
7.663307692307693 1.9348048780487805 0.018867924528301886 0.0 0.20973813683794654 0.06561662150908926 0.203921586275101 0.894 798.2 0
149.4081875 1.67352 0.030303030303030304 0.0 0.19447755056751684 0.06847204898206677 0.207843154668808 0.9054441260744985 9562.118999999999 0
41.95009187279152 1.419013274336283 0.1619718309859155 0.007042253521126761 0.1968715700498793 0.07380401702606594 0.0 0.8826446280991735 23855.042999999998 1
7.201611111111111 1.9455714285714285 0.15789473684210525 0.0 0.16195245030078487 0.09428897793498424 0.0 0.9251968503937008 355.62199999999996 0
4.20325 2.322 0.05405405405405406 0.02702702702702703 0.20944830263946573 0.05886130599804925 0.21960785984993 0.9168539325842696 321.832 0
224.58022857142856 0.91975 0.1111111111111111 0.0 0.21914767367499222 0.06271763293277882 0.223529428243637 0.8448275862068966 15729.91 0
51.539 1.4822 0.05128205128205128 0.0 0.2210558207218464 0.06561232975246427 0.21960785984993 0.8928571428571429 5320.359 0
18.47848 1.95665 0.0 0.0 0.19274194784943138 0.07956843991494153 0.0 0.9051094890510949 979.3629999999999 0
112.04663636363635 3.1985384615384618 0.0 0.0 0.20748843529715613 0.07253073190822021 0.0 0.9212962962962963 7399.984 0
11.258547892720307 1.1951538461538462 0.04580152671755725 0.0 0.18939295655997873 0.07754410671165944 0.0 0.872444011684518 5877.706 0
18.320347150259067 0.9301363636363637 0.08247422680412371 0.005154639175257732 0.20263968433904067 0.08012014574976885 0.0 0.8350340136054422 7080.795 0
17.005363636363636 5.629588235294118 0.08695652173913043 0.0 0.19406560353473226 0.07473396930114742 0.20000001788139302 0.9076305220883534 771.384 0
2.5863636363636364 1.321 0.08333333333333333 0.0 0.21620649570713243 0.062022417608065906 0.250980406999588 0.8909090909090909 57.218 0
13.036708333333333 3.5666315789473684 0.08 0.0 0.1966618180644414 0.07790509977637758 0.0 0.9063670411985019 628.124 0
5.208117647058824 1.1024615384615384 0.05555555555555555 0.0 0.18547795247286564 0.0646296546312547 0.16078431904316 0.7804878048780488 179.071 0
3.6352545638945233 0.9571294416243655 0.07801418439716312 0.004052684903748734 0.1951359834416681 0.07107135163422264 0.0 0.8448844884488449 7168.843 0
5.013607879924953 1.1233075117370892 0.09550561797752809 0.0 0.18734034214215164 0.0756440849032268 0.0 0.8633572159672467 5356.505 0
232.2794375 0.951 0.11764705882352941 0.0 0.20366014327321735 0.042835457313223566 0.203921586275101 0.860655737704918 7435.832 0
12.470705882352942 4.678538461538461 0.0 0.0 0.20429865528757757 0.07829679068530437 0.18431372940540303 0.9203539823008849 426.977 0
12.367064516129032 1.5837459677419354 0.05466237942122187 0.003215434083601286 0.2004275214809542 0.0681627413204285 0.0 0.8846439169139466 7671.562 2
3.3645 1.2026666666666668 0.0 0.0 0.17667975048224138 0.08664682403974422 0.0 0.8928571428571429 63.429 0
8.804118257261411 1.0682571428571428 0.12008281573498965 0.008281573498964804 0.19854857823804736 0.0699650261361536 0.0 0.8512473052048044 8487.841 0
699.5633750000001 1.0195 0.0 0.0 0.20186742696733706 0.08839286412317444 0.0 0.9032258064516129 11195.047999999999 0
18.603205298013243 0.8436833333333333 0.125 0.006578947368421052 0.21114148691405876 0.08117288233659557 0.0 0.843298969072165 5619.368 0
4443.58025 23.442666666666664 0.0 0.0 0.1980392289085266 0.06441547719561895 0.18823531270027202 0.9397590361445783 38361.176 0
1051.2925483870968 1.7797083333333332 0.0625 0.0 0.20598714101974297 0.07544745516347688 0.203921586275101 0.891156462585034 65182.793 0
4.944095652173913 1.4232826086956523 0.11432706222865413 0.001447178002894356 0.1951166353629798 0.0686627954945042 0.0 0.882102030370244 6830.618 0
5.189777777777778 1.380809523809524 0.07142857142857142 0.0 0.1937716383347537 0.07166426467101439 0.19607844948768602 0.8697674418604651 281.029 0
6093.56175 10.874666666666666 0.2 0.0 0.2126814504335453 0.08149064088975405 0.207843154668808 0.9390243902439024 48758.016 0
6.8658954248366015 1.2617704918032786 0.09740259740259741 0.006493506493506494 0.2040279696175454 0.07616616871520118 0.0 0.8960162052667117 2101.111 0
20.317095238095238 0.926375 0.0 0.0 0.21473239429362195 0.07427906670510896 0.215686291456223 0.8345864661654135 852.683 0
6.707533333333333 1.5996805555555556 0.17582417582417584 0.0 0.19708331381601044 0.07985664197989595 0.0 0.8931924882629108 1263.5349999999999 2
9.697969696969697 1.1236923076923078 0.0 0.0 0.22141909094180093 0.07597000026696417 0.227450996637344 0.8740740740740741 641.0889999999999 0
1594.84405 1.3204375 0.09523809523809523 0.0 0.21429476430339195 0.06635916969485892 0.211764723062515 0.8157894736842105 63794.003 0
4270.168733333333 1.0114166666666666 0.0625 0.0 0.21564366247342984 0.06949887546509019 0.247058838605881 0.8518518518518519 128107.34400000001 2
22.426000000000002 0.9580833333333334 0.125 0.0625 0.2094771370646499 0.06306676895792017 0.180392161011696 0.84 677.438 2
290.52092857142856 7.412 0.13333333333333333 0.0 0.18487396081546686 0.08400578146994492 0.0 0.9390243902439024 8147.391 2
11.840545454545454 2.6873285714285715 0.0898876404494382 0.0 0.18734496076840246 0.07872252993720256 0.0 0.9158790170132325 2087.427 0
19.780874999999998 2.35296875 0.14634146341463414 0.0 0.21020380021313195 0.07560229881061899 0.215686291456223 0.9084821428571429 1592.341 0
5.288833333333333 0.7686666666666667 0.07692307692307693 0.0 0.20696189899123119 0.07520724943075836 0.239215701818466 0.8725490196078431 128.993 2
151.55333333333334 13.2055 0.0 0.0 0.21007354324683547 0.09002125346241811 0.0 0.975609756097561 17366.029 0
7.810434782608696 0.6766111111111112 0.23404255319148937 0.0 0.18491565245528557 0.09652335562222153 0.0 0.8206106870229007 735.3219999999999 0
31.617428571428572 1.8492808988764045 0.10619469026548672 0.017699115044247787 0.20428525812133067 0.06548805253481546 0.207843154668808 0.8878968253968254 7084.868 0
20.31658857142857 1.7593357142857142 0.07954545454545454 0.005681818181818182 0.19248857366141264 0.0782321673813405 0.0 0.9045035268583831 7114.906 0
38.187760000000004 1.4732333333333334 0.09210526315789473 0.0 0.20249932246203997 0.07008293833702021 0.0 0.8819875776397516 5730.225 2
31.207416666666663 0.9228421052631579 0.04 0.0 0.20409983507805063 0.06066218422862477 0.223529428243637 0.8603351955307262 1499.396 0
14.990940886699507 1.2393333333333334 0.08823529411764706 0.004901960784313725 0.20653596151547107 0.07228563377268095 0.0 0.8571428571428571 6091.092000000001 0
14.2605 1.126111111111111 0.07692307692307693 0.0 0.19416667912155391 0.09510321422044672 0.0 0.8602150537634409 343.55600000000004 2
15.118375 5.5785 0.058823529411764705 0.0 0.20583568114255155 0.11105395087212583 0.0 0.9081081081081082 486.817 0
21.67715028901734 1.4892173913043478 0.09770114942528736 0.0 0.2048221329337783 0.07173992131164818 0.0 0.8867924528301887 7518.529 0
