28.66353333333333 0.12158333333333333 0.9354838709677419 0.0 1.0 0.4026936331284146 1.0 0.7075471698113207 1765.062 0
502.42282857142857 1.5885 0.6944444444444444 0.0 0.9591474245115453 0.27999869967849295 1.0 0.9398998330550918 35221.099 2
19.29636842105263 8.351866666666666 0.55 0.0 0.9832635983263598 0.2817514434087533 1.0 0.9598393574297188 12519.242999999999 0
1147.6110666666666 5.118833333333334 0.0 0.0625 1.0049261083743843 0.18608889991456756 1.0 0.9269406392694064 34434.444 2
107.85915625 5.49568 0.12121212121212122 0.0 1.0 0.21189138534559035 1.0 0.9370229007633588 6910.857 2
23.5802 0.8687592592592592 0.23529411764705882 0.0 0.9775862068965517 0.301718224841452 1.0 0.8100558659217877 6367.975 0
7.694594594594594 1.591084745762712 0.6 0.02666666666666667 0.9503105590062112 0.36097911290061746 1.0 0.8655913978494624 1139.703 0
1343.48375 2.3499166666666667 0.4117647058823529 0.0 0.9707317073170731 0.341739998662428 1.0 0.9234234234234234 43003.917 -2
822.183 0.8315 0.4166666666666667 0.0 1.0 0.2974820586543648 1.0 0.9047619047619048 18120.17 0
144.822125 2.0325 0.0 0.0 0.11354724287309437 0.06314271300307853 0.0 0.8661417322834646 4652.817 1
22.568415789473683 1.1011578947368421 0.3403141361256545 0.005235602094240838 0.10684643156836038 0.06564334812217545 0.0 0.8034979423868313 8579.422999999999 1
279.2339166666667 6.036777777777778 0.0 0.0 0.10569012508380649 0.049957262520526964 0.121568635106087 0.8869565217391304 6705.793 -2
825.457625 14.076833333333333 0.1111111111111111 0.0 0.13035835672555304 0.050702410236141124 0.14117647707462302 0.90625 13211.637999999999 1
615.2204307692308 1.2587115384615384 0.19696969696969696 0.0 0.12512850461220282 0.04862008420971355 0.0941176563501358 0.7573529411764706 79979.37700000001 1
36.13208510638298 1.7415675675675675 0.041666666666666664 0.0 0.12514418188263388 0.04471853909942302 0.125490203499794 0.7798165137614679 3399.6639999999998 1
31.902114285714287 2.9260892857142857 0.08450704225352113 0.0 0.11870672272399387 0.062226812539982634 0.0 0.8687615526802218 4470.65 1
276.618125 0.66884 0.5757575757575758 0.0 0.14350490861882773 0.05523583830589102 0.176470592617989 0.7441860465116279 17698.168 1
56.70442307692308 1.673 0.037037037037037035 0.037037037037037035 0.13112745856467106 0.06853433666997034 0.176470592617989 0.8057553956834532 2948.571 1
236.3592142857143 0.9666964285714286 0.323943661971831 0.0 0.09451310433635192 0.07140968196188666 0.0 0.7702265372168284 34712.43 1
1.368074074074074 0.474140625 0.23170731707317074 0.012195121951219513 0.5253034886859714 0.20302775378119572 0.494117677211762 0.20388349514563106 192.346 0
49.30258955223881 0.3985233644859813 0.037037037037037035 0.02962962962962963 0.4896078735589982 0.12771680657394413 0.490196108818054 0.12903225806451613 13207.8 1
145.20507142857144 0.41793589743589743 0.030303030303030304 0.010101010101010102 0.4917647361755373 0.20693339586098275 0.494117677211762 0.16806722689075632 28457.27 1
49.2545612244898 0.4871666666666667 0.2222222222222222 0.010101010101010102 0.5274510147670907 0.32460259536037755 0.490196108818054 0.1951219512195122 9655.426 0
5.244460317460318 0.3004204545454545 0.14705882352941177 0.004524886877828055 0.4568960075661289 0.14302630455692875 0.494117677211762 0.11776447105788423 4616.706 -2
2.250638640429338 0.32088590604026845 0.14183551847437426 0.004171632896305125 0.39286049351214114 0.20000345122982757 0.494117677211762 0.18424890617403986 7445.951 0
1.6615706214689265 0.29706382978723406 0.1348314606741573 0.0 0.5031543361104054 0.1099212252255672 0.490196108818054 0.11442786069651742 584.153 -2
0.9373935742971887 0.3607587939698492 0.1270053475935829 0.0066844919786096255 0.43824156520852625 0.15869075220106557 0.494117677211762 0.1734806629834254 1391.9679999999998 0
1.758924721189591 0.30915116279069765 0.17827298050139276 0.002785515320334262 0.31289454530162886 0.23067421386093873 0.0 0.199851411589896 3714.617 0
158.80621176470586 0.315843137254902 0.140625 0.015625 0.45276295055042615 0.14416796897281034 0.490196108818054 0.11418685121107267 80990.058 0
192.05797435897438 0.35585483870967743 0.02531645569620253 0.012658227848101266 0.48862748295068736 0.18132483335177324 0.490196108818054 0.20202020202020202 29959.951 0
2.188608108108108 0.30283050847457627 0.23318385650224216 0.0 0.47437460669155795 0.2083063605567849 0.494117677211762 0.11507936507936507 960.261 -2
59.431284210526314 0.3056842105263158 0.11458333333333333 0.041666666666666664 0.45686277747154236 0.23786720791280414 0.494117677211762 0.09433962264150944 11278.288 1
94.28184210526315 0.3602166666666667 0.05194805194805195 0.0 0.3968627711137136 0.13000628273340809 0.494117677211762 0.16304347826086957 14325.694 -2
1.8083492957746479 0.3445387323943662 0.09831460674157304 0.0028089887640449437 0.44667438403064147 0.15707683569704264 0.494117677211762 0.12530712530712532 1284.2710000000002 1
11.912430555555556 0.40357894736842104 0.2465753424657534 0.0273972602739726 0.47278434157371524 0.25547468767728543 0.490196108818054 0.25510204081632654 1691.9569999999999 -2
64.83472166427546 0.2668294434470377 0.2034383954154728 0.0014326647564469914 0.43020508455411177 0.19818698197841936 0.494117677211762 0.158021712907117 90377.898 -2
0.9105298651252408 0.2625903614457831 0.16153846153846155 0.013461538461538462 0.4273657552573993 0.18934438717636004 0.494117677211762 0.1503267973856209 902.6890000000001 -2
8.36117094017094 0.2672043010752688 0.1016949152542373 0.0 0.43398695687452965 0.053778511030989413 0.431372582912445 0.09230769230769231 1945.687 -2
49.60782716049383 0.310875 0.07317073170731707 0.036585365853658534 0.44736051100950985 0.06815828109757838 0.494117677211762 0.1368421052631579 4048.465 -2
2.42701 0.255575 0.13861386138613863 0.009900990099009901 0.522689108337675 0.2131606782252746 0.4862745404243471 0.06481481481481481 285.99399999999997 -2
415.9278020833333 0.44501315789473683 0.08247422680412371 0.020618556701030927 0.462332330251995 0.17714361332142392 0.494117677211762 0.2814814814814815 79854.88500000001 1
136.30683333333334 0.28446666666666665 0.1986754966887417 0.013245033112582781 0.4153595020373665 0.19803982008205456 0.494117677211762 0.0736196319018405 40885.62300000001 -2
41.33875694444445 0.29566086956521737 0.27586206896551724 0.0 0.49267289199327163 0.19581774958248238 0.490196108818054 0.11585365853658537 11901.237000000001 -2
13.685798449612404 0.27187864077669904 0.13513513513513514 0.0 0.455235740605821 0.2359706691628648 0.490196108818054 0.15359477124183007 7073.914000000001 -2
1.299656038116181 0.27853264604810996 0.19842433125687065 0.002565042139978014 0.4186046770954318 0.1927577485054048 0.494117677211762 0.08637428858386341 14168.252 -2
1.304755223880597 0.32404337686567164 0.1741887355464379 0.0026109660574412533 0.4391938055027798 0.17294839000706846 0.494117677211762 0.16687383467992542 6992.533 -2
1.331114347826087 0.34049021739130436 0.16297262059973924 0.003042155584528466 0.434341314177676 0.1681703511719584 0.494117677211762 0.17792068595927116 6075.595 1
3.0829684210526316 0.4269802631578947 0.27225130890052357 0.005235602094240838 0.5628903756539029 0.2360263918580629 0.494117677211762 0.22040816326530613 1169.171 1
0.505221238938053 0.3021888888888889 0.14035087719298245 0.008771929824561403 0.5130252423030991 0.2406839941558046 0.490196108818054 0.19718309859154928 112.49600000000001 1
26.024841541755887 0.2960455764075067 0.27136752136752135 0.0 0.45628840182766783 0.19812642273694864 0.494117677211762 0.1746031746031746 24301.95 1
2.669114058355438 0.3551094527363184 0.31788079470198677 0.009271523178807948 0.4772185458964909 0.20708052981650021 0.490196108818054 0.11384976525821597 4024.076 1
41.93806875 0.346859375 0.3105590062111801 0.006211180124223602 0.4815686570746559 0.25619017665142696 0.490196108818054 0.17857142857142858 13368.219000000001 1
1.4487637130801687 0.29204761904761906 0.11764705882352941 0.0 0.4878249272357587 0.18255341778295883 0.494117677211762 0.15302491103202848 684.971 1
6.9919 0.40405 0.12624584717607973 0.009966777408637873 0.4568627743344559 0.16666560078969073 0.494117677211762 0.20159151193633953 4185.52 0
1.3295016541353384 0.32118045112781957 0.16746843054720384 0.003307276007215875 0.4321047673355553 0.16496375356839751 0.494117677211762 0.1596766043456291 8819.66 0
1.5603210510419814 0.3326801359516616 0.14341787439613526 0.003321256038647343 0.4279893723375709 0.1638144976907581 0.494117677211762 0.17282717282717283 10331.453 1
574.122088607595 0.2975238095238095 0.0875 0.0 0.49019610881805414 0.14553648083431697 0.490196108818054 0.15789473684210525 62530.808999999994 1
2.435443864229765 0.33241176470588235 0.13541666666666666 0.015625 0.4181019876003266 0.21102478482571413 0.490196108818054 0.2455795677799607 1858.237 1
6.320749999999999 0.32028225806451616 0.12738853503184713 0.012738853503184714 0.45359480097180327 0.21562329742356265 0.490196108818054 0.11797752808988764 1958.801 1
24.449994535519124 0.34558561643835617 0.03814713896457766 0.0 0.41830068117096314 0.16852770614577495 0.494117677211762 0.10268948655256724 17893.41 0
44.02346909090909 0.35730454545454543 0.13768115942028986 0.0 0.44496283911425505 0.1813858507983947 0.494117677211762 0.17365269461077845 24210.197 1
200.19966666666667 0.3789230769230769 0.16417910447761194 0.04477611940298507 0.3700115575509915 0.18246856660932897 0.494117677211762 0.20238095238095238 26380.997 1
30.612491666666667 0.3513645833333333 0.22821576763485477 0.008298755186721992 0.46416356588931806 0.20411400388125486 0.494117677211762 0.16319444444444445 14688.111 1
1.6189493670886075 0.28476190476190477 0.1375 0.0 0.4439215958118438 0.12819392177111882 0.490196108818054 0.15789473684210525 254.262 1
8.677253623188406 0.24188636363636365 0.26714801444043323 0.0036101083032490976 0.45618076168972527 0.21768542855107237 0.494117677211762 0.14241486068111456 4788.489 1
69.33828070175439 0.31242857142857144 0.26956521739130435 0.0 0.4996904338660993 0.07400720263261663 0.490196108818054 0.1417910447761194 8377.143 1
20.860774193548387 0.3981081081081081 0.30851063829787234 0.0 0.23079586204360517 0.2945208473489634 0.0 0.265625 3872.1099999999997 1
108.35368000000001 0.39525 0.19736842105263158 0.0 0.5156863071024418 0.19519128259450755 0.490196108818054 0.09523809523809523 16251.764 1
0.48556716417910445 0.31738317757009343 0.2074074074074074 0.037037037037037035 0.4411764983087779 0.06599430927762193 0.494117677211762 0.10596026490066225 118.904 1
76.45019178082192 0.24755172413793103 0.16216216216216217 0.02702702702702703 0.37476558270661725 0.31297109621526137 0.0 0.23711340206185566 11159.325 1
6.905069124423963 0.25685590778097983 0.25517241379310346 0.0022988505747126436 0.44470590911805635 0.19748871240986113 0.490196108818054 0.1553398058252427 5992.7970000000005 1
2.5916188925081434 0.342935667752443 0.16927083333333334 0.007161458333333333 0.4432885593317384 0.182731878008647 0.494117677211762 0.1799252536038441 7951.896000000001 1
1.2821170627882228 0.3480341463414634 0.17446808510638298 0.00425531914893617 0.4020993430774822 0.1976359284370641 0.494117677211762 0.20697412823397077 7155.341 -2
337.92621428571425 0.42073076923076924 0.1414141414141414 0.0 0.45678434133529683 0.14365615765903128 0.494117677211762 0.20161290322580644 66232.219 1
291.5499943820225 0.3219753521126761 0.0896358543417367 0.008403361344537815 0.4673797081817281 0.22876443151592693 0.49803924560546897 0.029891304347826088 201345.601 1
1.2017086288416077 0.3264345898004435 0.15475487300649735 0.0 0.47158106633379504 0.19074959034614522 0.49803924560546897 0.044582392776523705 3938.0950000000003 1
197.82376829268293 0.37453846153846154 0.1927710843373494 0.04819277108433735 0.07990196580067276 0.11681514841690144 0.0 0.16161616161616163 32439.300000000003 0
52.56246370967742 0.2342878787878788 0.14457831325301204 0.004016064257028112 0.08784314282238485 0.12367365031611077 0.0 0.07434944237918216 26053.45 2
3.0804874074074076 0.20135185185185187 0.1819526627218935 0.013313609467455622 0.14830660345879454 0.14616269590853856 0.0 0.01601164483260553 2988.3650000000002 0
1.435800933125972 0.26902140077821013 0.12111801242236025 0.0015527950310559005 0.137254908680916 0.19410775335883207 0.274509817361832 0.0030959752321981426 924.577 0
11.054939577039274 0.21438636363636362 0.11144578313253012 0.030120481927710843 0.14901961386203752 0.21074555898329514 0.29803922772407504 0.005988023952095809 3660.214 0
8.535986301369864 0.21716095890410958 0.09836065573770492 0.01912568306010929 0.250980406999588 0.0 0.250980406999588 0.0027247956403269754 3115.635 2
253.2366349206349 0.19879 0.11811023622047244 0.0 0.17124184221029268 0.1489335944426538 0.270588256418705 0.023076923076923078 63501.373 1
14.751789719626169 0.2038011695906433 0.26976744186046514 0.0 0.06732026487588884 0.1364889995878004 0.0 0.027149321266968326 3202.3709999999996 0
399.9184144736842 0.3412396694214876 0.1503267973856209 0.0392156862745098 0.0705882385373116 0.0 0.0705882385373116 0.006493506493506494 60787.599 0
358.66507377049186 0.2946494845360825 0.13008130081300814 0.032520325203252036 0.14607843756675726 0.17412751587244715 0.0 0.031496062992125984 43760.901000000005 0
200.32289316239314 0.23344919786096258 0.19574468085106383 0.0 0.07843137532472601 0.11091871469980202 0.15686275064945202 0.008438818565400843 46876.024 0
0.8080635528330781 0.18743199233716476 0.1407804131599082 0.0022953328232593728 0.17189543818434072 0.06933159407894678 0.10196079313755 0.00456968773800457 1931.489 0
2.012951048951049 0.20866228070175438 0.14982578397212543 0.010452961672473868 0.0549019649624825 0.0 0.0549019649624825 0.003472222222222222 575.704 -2
174.46664935064936 0.22769565217391305 0.125 0.017241379310344827 0.10000000894069651 0.14142136888136375 0.20000001788139302 0.008547008547008548 40302.849 2
1.108983606557377 0.22781443298969073 0.17073170731707318 0.016260162601626018 0.0823529437184334 0.0 0.0823529437184334 0.008064516129032258 135.296 0
1.368587145969499 0.2190408719346049 0.17736670293797607 0.0 0.12941177189350134 0.12749622852794856 0.133333340287209 0.0032537960954446853 1830.654 0
4.906663551401869 0.18623391812865497 0.15813953488372093 0.0 0.211764723062515 0.0 0.211764723062515 0.004629629629629629 1050.026 -2
1.6223268403171007 0.1892737825594564 0.15058876811594202 0.004755434782608696 0.11490196660161023 0.06347748349869789 0.0705882385373116 0.0022593764121102574 10995.063 0
9.215524390243903 0.2596326530612245 0.20647773279352227 0.04048582995951417 0.12156863138079599 0.0 0.12156863138079599 0.004032258064516129 2267.019 0
5.462124731182795 0.24098118279569894 0.09227467811158799 0.01072961373390558 0.0980392247438431 0.0 0.0980392247438431 0.0021413276231263384 2539.888 2
7.515454838709677 0.2604274193548387 0.2347266881028939 0.02572347266881029 0.062745101749897 0.0 0.062745101749897 0.003205128205128205 2329.791 0
1.1883663940013633 0.24130080954409885 0.14821124361158433 0.008517887563884156 0.15359478071331992 0.15334120109986688 0.172549024224281 0.002040122407344441 4331.1 0
1.7973271028037383 0.5585176470588236 0.26851851851851855 0.046296296296296294 0.16078432649374 0.0 0.16078432649374 0.009174311926605505 192.314 0
2.368503259452412 0.3151850040749796 0.08534201954397394 0.012377850162866449 0.10627451613545424 0.059457732437156297 0.062745101749897 0.006472491909385114 6813.482 2
36.15402777777778 0.23672916666666666 0.2541436464088398 0.03314917127071823 0.137254908680916 0.0 0.137254908680916 0.005494505494505495 6507.725 0
119.70175834658188 0.2016262425447316 0.06825396825396825 0.026984126984126985 0.23398694396018999 0.013772095588076934 0.247058838605881 0.004739336492890996 150352.497 2
2.696190909090909 0.17695454545454545 0.10810810810810811 0.009009009009009009 0.2588235437870025 0.005545935208154816 0.26274511218071 0.017699115044247787 306.861 -2
1.4055957613814756 0.17567419038272816 0.15058823529411763 0.013333333333333334 0.24705884108940768 0.06455716764054392 0.211764723062515 0.002347417840375587 2027.644 1
2.133182725911133 0.18026092384519352 0.1442115768463074 0.0054890219560878245 0.20470589548349383 0.14009389388461685 0.10196079313755 0.0024888003982080635 6912.564 2
395.72880000000004 0.3447934782608696 0.11206896551724138 0.017241379310344827 0.09068628028035167 0.0775422339164918 0.0 0.06451612903225806 45843.184 0
2.198386873920553 0.18944060475161986 0.1396551724137931 0.005172413793103448 0.0725490227341652 0.024956708436695205 0.0549019649624825 0.003436426116838488 1332.936 0
2.0768461095100865 0.19900792507204612 0.13191244239631336 0.0069124423963133645 0.265882369875908 0.0452597310264196 0.239215701818466 0.002871912693854107 5199.189 0
1.7610574712643678 0.38256521739130434 0.25 0.022727272727272728 0.18928570619651244 0.22339106200814418 0.0 0.07368421052631578 168.499 0
637.8523529411765 0.3439264705882353 0.4069767441860465 0.0 0.19653845836336797 0.16182564056219034 0.0 0.23214285714285715 54290.888 -2
55.800355555555555 0.3362777777777778 0.45652173913043476 0.021739130434782608 0.11461538191025071 0.17070435954035493 0.0 0.4588235294117647 2564.605 -2
85.770675 0.27559375 0.4146341463414634 0.0 0.062999998703599 0.13811411756369132 0.0 0.5494505494505495 3466.7400000000002 -2
11.679427872860636 0.2007125382262997 0.29024390243902437 0.007317073170731708 0.14039999753236768 0.16917643336329447 0.0 0.05747126436781609 9541.184000000001 0
21.1055243902439 0.2512824427480916 0.2545454545454545 0.01818181818181818 0.09513513321006618 0.13059950411037702 0.0 0.18316831683168316 4054.502 0
16.80422 0.3726333333333333 0.23841059602649006 0.0 0.14476190126013183 0.06914946875032299 0.170000001788139 0.21761658031088082 5038.843 2
354.7000158730159 0.39172 0.15625 0.03125 0.15263157710433006 0.09260682164782126 0.15500000119209303 0.2289156626506024 44690.808999999994 -2
302.72336 0.30856666666666666 0.32894736842105265 0.0 0.0791935461663431 0.12786122885845283 0.0 0.2897196261682243 22723.186 0
