6143.620833333333 0.28079130434782607 0.20761245674740483 0.01730103806228374 1.0 0.5773502691896257 1.0 0.04304635761589404 3538686.517 2
472.23401351351356 0.3665254237288136 0.06666666666666667 0.013333333333333334 1.0 0.5773502691896257 1.0 0.14772727272727273 69657.76000000001 1
9281.462204081634 0.30319871794871794 0.17258883248730963 0.04060913705583756 1.0 0.3429971702850177 1.0 0.08372093023255814 3638313.274 2
6279.908780068728 0.2157155172413793 0.2226027397260274 0.017123287671232876 0.9166666666666666 0.28867513459481287 1.0 0.039473684210526314 3646378.029 2
9734.813333333334 0.2558344370860927 0.08947368421052632 0.005263157894736842 1.1428571428571428 0.3779644730092272 1.0 0.03553299492385787 3664311.709 2
7918.116288793103 0.24424864864864865 0.22317596566523606 0.012875536480686695 1.2222222222222223 0.44095855184409843 1.0 0.0371900826446281 3673991.768 2
1134.5898424953675 0.2124092664092664 0.20308641975308642 0.016049382716049384 0.9607843137254902 0.3121807241070143 1.0 0.059233449477351915 3668835.7520000003 2
8980.392009803922 0.2709754601226994 0.17073170731707318 0.014634146341463415 1.25 0.9653072991634227 1.0 0.055299539170506916 3651342.4529999997 2
5428.706786549707 0.24552014652014653 0.13411078717201166 0.026239067055393587 1.0 0.5 1.0 0.02556818181818182 3710899.3099999996 2
3594.940610465116 0.2600218446601942 0.1450676982591876 0.027079303675048357 1.0 0.0 1.0 0.024528301886792454 3709959.969 2
3467.76918317757 0.22418457943925232 0.16417910447761194 0.018656716417910446 1.0416666666666667 0.2041241452319315 1.0 0.04285714285714286 3710507.562 2
240.42973426573425 0.37407894736842107 0.125 0.0 0.42857142857142855 0.5345224838248488 0.0 0.046357615894039736 68734.004 2
5893.829899022801 0.2692 0.09415584415584416 0.016233766233766232 1.0 0.0 1.0 0.02531645569620253 3618776.114 1
6422.115551601424 0.24261160714285715 0.13829787234042554 0.014184397163120567 1.0 0.0 1.0 0.03424657534246575 1807053.407 1
7710.398542735043 0.25183422459893046 0.0851063829787234 0.029787234042553193 1.0 0.0 1.0 0.020833333333333332 3607987.773 2
4542.1640528967255 0.2477570977917981 0.15326633165829145 0.010050251256281407 1.4 1.5491933384829666 1.0 0.03631961259079903 3604221.1169999996 2
2089.630887340302 0.22530087209302327 0.11600928074245939 0.02668213457076566 1.0714285714285714 0.26226526415648105 1.0 0.03146067415730337 3598325.8 1
6007.200208053691 0.24384453781512605 0.14381270903010032 0.016722408026755852 1.0 0.0 1.0 0.05379746835443038 3563075.176 1
3637.6986528925618 0.22159431524547804 0.1402061855670103 0.004123711340206186 0.9090909090909091 0.29424494316824984 1.0 0.04339250493096647 3519967.531 2
374.7041704931973 0.21587005049162902 0.15749202975557916 0.015727948990435708 0.9777777777777777 0.21022880739499353 1.0 0.0368474923234391 3523729.414 -2
10986.915206060607 0.2376060606060606 0.10240963855421686 0.030120481927710843 1.1666666666666667 0.408248290463863 1.0 0.03488372093023256 3625668.016 1
3240.162930107527 0.2070470852017937 0.20214669051878353 0.007155635062611807 1.1333333333333333 0.3518657752744984 1.0 0.02613240418118467 3615949.804 1
6236.827187713311 0.2605769230769231 0.1326530612244898 0.02040816326530612 1.0 0.4264014327112209 1.0 0.0392156862745098 3654185.787 1
1636.2710421146953 0.21538565022421524 0.1656222023276634 0.009847806624888093 1.0277777777777777 0.29141145296750937 1.0 0.031222896790980052 1829772.561 2
5026.654111111111 0.2683402777777778 0.11634349030470914 0.008310249307479225 1.0434782608695652 0.3665888047644883 1.0 0.059895833333333336 3616812.865 2
2925.9362282091915 0.2349404761904762 0.10917721518987342 0.012658227848101266 1.0 0.19425717247145283 1.0 0.07871720116618076 3692520.801 1
2383.0509767741933 0.23935161290322582 0.17396907216494845 0.023195876288659795 0.9583333333333334 0.20194093652345885 1.0 0.05825242718446602 3684420.0149999997 -2
2597.6605303244005 0.2753280423280423 0.14366197183098592 0.030985915492957747 0.9523809523809523 0.2182178902359924 1.0 0.028727770177838577 3683261.413 2
8569.416894495413 0.31023563218390804 0.1004566210045662 0.045662100456621 0.875 0.3415650255319866 1.0 0.06808510638297872 3708560.321 2
1574.4729239864866 0.2190791974656811 0.11392405063291139 0.016033755274261603 0.9759036144578314 0.3483726493162952 1.0 0.06545741324921135 3728024.8660000004 2
526.2530717730497 0.20480851063829789 0.1849120816789563 0.024390243902439025 1.0048309178743962 0.36200070456755445 1.0 0.055451379587463163 3708429.91 2
9916.086893048128 0.28398657718120807 0.2127659574468085 0.015957446808510637 0.8 0.41039134083406165 1.0 0.09615384615384616 3708614.0190000003 1
2766.488900914634 0.2273473282442748 0.1491628614916286 0.0228310502283105 1.1379310344827587 0.4411136823860458 1.0 0.04227405247813411 3617895.983 1
5354.143949704142 0.22095925925925927 0.2359882005899705 0.011799410029498525 1.0 0.0 1.0 0.02865329512893983 3619276.54 2
923.7329525752168 0.24744579081632653 0.17023445463812437 0.035168195718654434 1.0 0.32163376045133846 1.0 0.029193468579910935 3622544.418 2
2222.532965644172 0.23646932515337424 0.16053921568627452 0.020833333333333332 1.0416666666666667 0.2041241452319315 1.0 0.02857142857142857 3621831.865 2
4155.342965517241 0.2064396551724138 0.16743119266055045 0.013761467889908258 1.0384615384615385 0.19611613513818402 1.0 0.05627705627705628 3610890.834 1
8226.588287671233 0.2666057142857143 0.20454545454545456 0.00909090909090909 1.0 0.0 1.0 0.017857142857142856 3603219.96 0
10982.471408536585 0.2687175572519084 0.048484848484848485 0.012121212121212121 0.2727272727272727 0.49947117912226363 0.0 0.21052631578947367 3602079.7989999996 0
9524.501433862433 0.2750132450331126 0.1631578947368421 0.005263157894736842 1.25 0.4629100498862757 1.0 0.04040404040404041 3599823.289 1
2664.9775435435436 0.20737406015037593 0.20389805097451275 0.008995502248875561 1.0625 0.24593468841898236 1.0 0.045779685264663805 1778223.602 2
3562.1154558232934 0.21954020100502514 0.2665330661322645 0.02004008016032064 1.0454545454545454 0.3750901767477265 1.0 0.04222648752399232 3547124.773 2
1244.5184401384083 0.22819896193771627 0.2621023513139696 0.017980636237897647 0.9868421052631579 0.3827417250185501 1.0 0.04993429697766097 3570036.743 2
7627.107665254238 0.2719042553191489 0.11814345991561181 0.029535864978902954 1.1111111111111112 0.33333333333333337 1.0 0.036585365853658534 3599974.048 2
839.784427306617 0.26497843822843825 0.13879832324173266 0.02934326967862133 1.0410958904109588 0.3511234415883917 1.0 0.03288288288288288 3604347.765 2
2811.939964118565 0.248943359375 0.2757009345794392 0.03582554517133956 1.0 0.4264014327112209 1.0 0.03458646616541353 3601204.5870000003 2
917.2073721995927 0.23042011457670275 0.1989821882951654 0.024936386768447838 1.075 0.3476867497466176 1.0 0.039119804400977995 3600091.237 2
2789.366690880989 0.2337814313346228 0.16358024691358025 0.033950617283950615 1.0285714285714285 0.29562638242077327 1.0 0.05124450951683748 3605051.4680000003 -2
8515.485589622642 0.2380473372781065 0.18779342723004694 0.009389671361502348 1.0 0.0 1.0 0.04054054054054054 3610562.481 1
4589.302101781171 0.27390445859872614 0.23096446700507614 0.015228426395939087 0.8666666666666667 0.3518657752744984 1.0 0.03667481662591687 3601083.056 1
2930.2530473083198 0.258465306122449 0.21172638436482086 0.011400651465798045 1.0344827586206897 0.18569533817705186 1.0 0.04510108864696734 3589642.7520000003 1
6182.470376712329 0.2708154506437768 0.21160409556313994 0.0 1.0 0.3922322702763681 1.0 0.04560260586319218 3610540.21 1
1067.7133253156946 0.21398571428571428 0.23076923076923078 0.019230769230769232 1.0 0.2603778219616477 1.0 0.03480278422273782 3549352.486 1
1419.7924395516413 0.20793393393393395 0.1464 0.02 0.7848101265822784 0.4715192596319157 1.0 0.059443190368698266 3545483.58 2
9.091364532019703 0.20370987654320988 0.10565110565110565 0.0 1.0357142857142858 0.1889822365046136 1.0 0.06436781609195402 7340.293 1
7056.79755078125 0.19792156862745097 0.20622568093385213 0.007782101167315175 1.0 0.4264014327112209 1.0 0.04460966542750929 3613057.824 1
1836.7607863682604 0.21373409669211196 0.12804878048780488 0.009146341463414634 0.9803921568627451 0.3140408044642753 1.0 0.09392265193370165 3611059.227 1
1894.1048408376964 0.2585039267015707 0.19142259414225943 0.007322175732217573 0.9714285714285714 0.3823852604310971 1.0 0.035317860746720484 3614587.4560000002 1
4139.209763761468 0.27835632183908043 0.12356979405034325 0.02288329519450801 0.9655172413793104 0.18569533817705186 1.0 0.06223175965665236 3608236.397 1
2382.633971128609 0.23074384236453202 0.15727391874180865 0.03014416775884666 1.0526315789473684 0.22629428592141426 1.0 0.04744069912609238 3630700.4560000002 1
3540.9380893203884 0.24763349514563107 0.1298449612403101 0.03875968992248062 1.0 0.2672612419124244 1.0 0.05321100917431193 3641702.5640000002 1
1583.95234 0.21986521739130435 0.14856646394439618 0.013900955690703735 1.0348837209302326 0.28481880384902925 1.0 0.06952303961196443 3642972.767 1
2250.8075742574256 0.22520433436532508 0.19283065512978986 0.019777503090234856 0.8913043478260869 0.433500525160016 1.0 0.05380116959064327 3635601.4050000003 1
3026.412568852459 0.2259016393442623 0.16039279869067102 0.009819967266775777 1.0 0.3333333333333333 1.0 0.05709876543209876 3692161.648 1
5789.701318471338 0.22530677290836654 0.12698412698412698 0.01904761904761905 0.9333333333333333 0.2581988897471611 1.0 0.045454545454545456 3635908.309 1
666.2205689530686 0.2018686823104693 0.17466618549260196 0.014074341392998917 0.8987341772151899 0.4398881360076379 1.0 0.053943325367019464 3690851.3140000002 1
3636.0136568047337 0.20930370370370371 0.09645669291338582 0.031496062992125984 1.0 0.3086066999241838 1.0 0.04150943396226415 3686784.715 1
327.67684182496004 0.19309232134931203 0.14465743698970537 0.011714589989350373 0.9597855227882037 0.33759420366615706 1.0 0.0620942234060263 3684060.625 1
3.3486223709369023 0.20963875598086124 0.166189111747851 0.034383954154727794 1.027027027027027 0.2873718541934519 1.0 0.03413284132841329 6344.133 1
8134.8183716814165 0.24535555555555555 0.1013215859030837 0.013215859030837005 0.9333333333333333 0.2581988897471611 1.0 0.06198347107438017 3676720.139 1
1477.9881425101214 0.2834251012145749 0.12378640776699029 0.024271844660194174 0.9855072463768116 0.20953405052418272 1.0 0.052873563218390804 3650612.108 1
10116.319196721312 0.33684246575342464 0.059782608695652176 0.016304347826086956 1.0909090909090908 0.30151134457776363 1.0 0.05641025641025641 3699784.262 2
2508.482508264463 0.24881551724137932 0.15680880330123798 0.023383768913342505 0.9375 0.25 1.0 0.021534320323014805 3639782.846 1
2025.0697855555554 0.20193333333333333 0.1365149833518313 0.013318534961154272 1.0 0.23249527748763857 1.0 0.04046858359957402 3644977.821 1
3308.160678832117 0.2099337899543379 0.1092896174863388 0.007285974499089253 1.0 0.24618298195866548 1.0 0.058319039451114926 3625732.531 2
4604.95877581864 0.24173817034700315 0.08040201005025126 0.020100502512562814 1.0 0.5773502691896257 1.0 0.01728395061728395 3656305.469 1
2084.929892571429 0.21357571428571429 0.07990867579908675 0.01141552511415525 1.0833333333333333 0.28867513459481287 1.0 0.013513513513513514 3646231.115 2
710.7972778429074 0.22168978993649244 0.127734375 0.03359375 1.0151515151515151 0.41109326070572966 1.0 0.02513328255902513 3637534.283 1
1938.962931769723 0.20334933333333333 0.09158679446219382 0.024494142705005325 1.0666666666666667 0.45773770821706344 1.0 0.015723270440251572 3637335.1550000003 2
2400.8967374670187 0.2300973597359736 0.14888010540184454 0.021080368906455864 0.7741935483870968 0.4250237185032414 1.0 0.039240506329113925 3638975.484 2
2641.489777939042 0.22248094373865698 0.22753623188405797 0.020289855072463767 1.0 0.0 1.0 0.015691868758915834 3639923.068 1
3113.7079899497485 0.2128197064989518 0.23745819397993312 0.005016722408026756 1.0 0.3922322702763681 1.0 0.02287581699346405 3717639.7199999997 1
1735.1672223273415 0.21300828402366864 0.15122873345935728 0.035916824196597356 1.0491803278688525 0.33794622393692175 1.0 0.05451295799821269 3668139.0700000003 1
8598.231172248803 0.3165988023952096 0.12380952380952381 0.02857142857142857 0.8461538461538461 0.3755338080994054 1.0 0.05829596412556054 3592257.6210000003 1
4914.521301886793 0.25685135135135134 0.15053763440860216 0.021505376344086023 1.0 0.0 1.0 0.021052631578947368 3646570.592 1
3896.9023461538463 0.23220053475935828 0.255863539445629 0.0255863539445629 0.9583333333333334 0.2041241452319315 1.0 0.0486815415821501 3647480.55 1
6352.606950177936 0.22520089285714287 0.11702127659574468 0.014184397163120567 1.2 0.4472135954999579 1.0 0.017421602787456445 3541559.372 2
8209.565399082569 0.2907528735632184 0.182648401826484 0.0182648401826484 0.8571428571428571 0.3779644730092272 1.0 0.030973451327433628 3577634.3329999996 1
4095.290743243243 0.2822112676056338 0.1146067415730337 0.04044943820224719 1.1428571428571428 0.36313651960128146 1.0 0.030501089324618737 3636464.176 1
3397.4183932584274 0.2184192037470726 0.17196261682242991 0.013084112149532711 1.0 0.0 1.0 0.036036036036036036 3628354.2920000004 1
5337.09396491228 0.27202930402930403 0.16034985422740525 0.03206997084548105 1.0 0.0 1.0 0.031073446327683617 3649718.662 2
2799.685742857143 0.24877631578947368 0.14714714714714713 0.01951951951951952 0.78125 0.5526694748103036 1.0 0.045845272206303724 3723577.364 1
3894.8156293995858 0.30301554404145076 0.14256198347107438 0.01859504132231405 1.0 0.0 1.0 0.010224948875255624 3761408.853 1
5669.651825688074 0.20996934865900382 0.10060975609756098 0.018292682926829267 1.0 0.0 1.0 0.026706231454005934 3707938.1670000004 1
1002.4777563636364 0.20687662337662338 0.11526479750778816 0.016095534787123573 0.9651162790697675 0.28481880384902925 1.0 0.042743538767395624 3859466.52 1
768.7022812749003 0.19366782868525897 0.1680605336519315 0.02986857825567503 1.0588235294117647 0.3105971478222138 1.0 0.01990632318501171 3856315.022 1
1065.8514436464088 0.20661740331491713 0.14301490889011595 0.03313086692435119 1.0357142857142858 0.1889822365046136 1.0 0.015225666122892877 3857926.431 1
4027.1076479166663 0.20602604166666666 0.23076923076923078 0.014553014553014554 1.0 0.0 1.0 0.03219315895372234 3865991.687 1
1044.6237508108109 0.20752837837837837 0.3500810372771475 0.037817396002161 1.0 0.5052911526399113 1.0 0.02527646129541864 3865046.664 1
0.4527833333333333 0.20694791666666668 0.17355371900826447 0.03305785123966942 0.8888888888888888 0.33333333333333337 1.0 0.06923076923076923 75.06400000000001 1
4484.589888127854 0.21380285714285716 0.11389521640091116 0.02050113895216401 1.0 0.5773502691896257 1.0 0.01569506726457399 3928475.105 1
4145.338109704641 0.22986807387862795 0.07578947368421053 0.03368421052631579 1.0 0.0 1.0 0.016563146997929608 3923695.323 1
4098.407732776618 0.30034464751958223 0.14791666666666667 0.035416666666666666 1.0 0.7071067811865476 1.0 0.010309278350515464 3916424.767 1
655.9712692823608 0.2040050314465409 0.14012738853503184 0.013074086490110626 1.0256410256410255 0.22645540682891915 1.0 0.02548186867036916 1959766.041 1
21.497620437956204 0.24564220183486238 0.07246376811594203 0.014492753623188406 1.0 0.0 1.0 0.02127659574468085 2947.899 1
1495.7317581998475 0.25012881679389315 0.1798780487804878 0.012195121951219513 0.9411764705882353 0.42220033092074905 1.0 0.02526002971768202 3921720.558 1
8167.919716666666 0.24302083333333332 0.15767634854771784 0.016597510373443983 1.0 0.0 1.0 0.004132231404958678 1960300.732 1
2377.0631828220858 0.21086196319018405 0.12745098039215685 0.014705882352941176 1.0909090909090908 0.29424494316824984 1.0 0.026252983293556086 3872034.283 1
6541.42697979798 0.28407594936708863 0.07046979865771812 0.013422818791946308 0.9285714285714286 0.2672612419124244 1.0 0.04487179487179487 3883844.607 1
453.08785594209667 0.21349737302977234 0.13352007469654528 0.008636788048552755 1.018181818181818 0.27029776926578286 1.0 0.025034137460172964 3880913.435 1
1807.5275223463689 0.23069732246798602 0.12279069767441861 0.027906976744186046 1.0 0.282842712474619 1.0 0.023614895549500452 3882492.387 1
2742.4155617198335 0.1942465277777778 0.1634349030470914 0.009695290858725761 1.0 0.0 1.0 0.034759358288770054 3954557.2970000003 1
8140.65267755102 0.2060357142857143 0.21138211382113822 0.016260162601626018 1.1428571428571428 0.3779644730092272 1.0 0.02766798418972332 3988912.516 1
4176.493556485356 0.269348167539267 0.17954070981210857 0.033402922755741124 1.0 0.0 1.0 0.01440329218106996 3992602.557 1
6223.125159375 0.20977734375 0.06542056074766354 0.03426791277258567 1.0 0.5 1.0 0.02727272727272727 1993075.645 1
4044.0725070993917 0.24657868020304569 0.15789473684210525 0.032388663967611336 0.8571428571428571 0.5732115042211109 1.0 0.040776699029126215 3985625.8109999998 1
2299.3256370875997 0.3003997155049787 0.1965909090909091 0.0125 1.0833333333333333 0.28867513459481287 1.0 0.013452914798206279 4042154.937 1
3391.927226027397 0.22486295503211992 0.15042735042735042 0.020512820512820513 1.0833333333333333 0.28867513459481287 1.0 0.020100502512562814 3961251.3030000003 1
4505.617009090909 0.2578494318181818 0.10430839002267574 0.018140589569160998 1.125 0.3535533905932738 1.0 0.017817371937639197 3951958.563 0
978.1175575396825 0.20034801488833748 0.14328210213187903 0.013882002974714923 0.8679245283018868 0.3418128057789596 1.0 0.025603864734299518 3942817.7010000004 1
6275.789721875 0.2229609375 0.24610591900311526 0.03115264797507788 1.0 0.0 1.0 0.02727272727272727 4016092.96 1
1845.0343612132353 0.22636091954022988 0.16437098255280075 0.024793388429752067 0.96875 0.30946102990886926 1.0 0.028545941123996433 4013895.835 1
5500.357043835616 0.2544109589041096 0.16939890710382513 0.030054644808743168 0.9 0.31622776601683794 1.0 0.026595744680851064 4014103.649 1
12263.176623529413 0.23643382352941175 0.18128654970760233 0.029239766081871343 1.0 0.0 1.0 0.022857142857142857 4143770.334 1
3.8202418032786887 0.29317435897435895 0.17551020408163265 0.02857142857142857 1.0 0.6324555320336759 1.0 0.02390438247011952 1406.006 1
297.26112605042016 0.2787157894736842 0.0794979079497908 0.02510460251046025 0.6296296296296297 0.5648790304908823 1.0 0.10150375939849623 141136.53100000002 1
2.531076769025367 0.226762938230384 0.2048032021347565 0.015343562374916611 1.0192307692307692 0.3125094267054817 1.0 0.03352675693101225 7519.633 1
17.40590099009901 0.2007375 0.3627450980392157 0.0 0.6666666666666666 0.5773502691896257 1.0 0.02857142857142857 1766.7350000000001 1
16.118584070796462 0.3144111111111111 0.2543859649122807 0.0 1.0 0.0 1.0 0.017241379310344827 1834.91 2
2.6801005509641875 0.2284051724137931 0.1499312242090784 0.013755158184319119 1.0 0.0 1.0 0.03580901856763926 3785.816 1
0.8965700245700245 0.21277846153846153 0.0661764705882353 0.01715686274509804 1.0689655172413792 0.3713906763541037 1.0 0.06636155606407322 690.379 1
4.034587155963303 0.19324095322153576 0.11424541607898449 0.015514809590973202 0.7358490566037735 0.4639763292905778 1.0 0.06955380577427822 11429.454000000002 1
3.1787 0.1934732142857143 0.1746880570409982 0.0017825311942959 1.1666666666666667 0.3892494720807615 1.0 0.020942408376963352 2086.18 1
13.872184331797236 0.21584971098265895 0.14220183486238533 0.013761467889908258 1.0 0.0 1.0 0.02242152466367713 3040.7180000000003 1
5.987674311926606 0.31394252873563216 0.0776255707762557 0.0273972602739726 1.0 0.0 1.0 0.00904977375565611 1794.171 1
5.637468619246862 0.20508376963350786 0.13778705636743216 0.033402922755741124 1.0909090909090908 0.30151134457776363 1.0 0.022448979591836733 3693.741 1
5.514777039848197 0.1952870699881376 0.10426540284360189 0.013270142180094787 1.0208333333333333 0.25176680643542954 1.0 0.043517679057116954 11603.248 2
0.7363513456240729 0.1961343046357616 0.1309322033898305 0.009957627118644067 1.0 0.2847473987257497 1.0 0.0306017662764428 6722.352000000001 1
4.492046997389034 0.19540522875816993 0.11197916666666667 0.010416666666666666 1.1666666666666667 0.3892494720807615 1.0 0.030303030303030304 2947.495 2
10.146954887218046 0.20247169811320756 0.16417910447761194 0.0 1.2 0.4472135954999579 1.0 0.03597122302158273 2689.5550000000003 1
0.8690923076923077 0.25100961538461536 0.13740458015267176 0.015267175572519083 1.0 0.0 1.0 0.015037593984962405 154.093 1
1.4762816091954023 0.19111510791366906 0.06857142857142857 0.011428571428571429 1.0 0.0 1.0 0.07407407407407407 312.03 2
6.91693870967742 0.18370967741935484 0.19292604501607716 0.003215434083601286 1.1428571428571428 0.3779644730092272 1.0 0.0220125786163522 2535.9040000000005 1
9.01789642857143 0.22914285714285715 0.19217081850533807 0.017793594306049824 1.0 0.0 1.0 0.024305555555555556 4902.618 2
6.57910099009901 0.24319554455445544 0.1067193675889328 0.009881422924901186 1.0 0.408248290463863 1.0 0.025048169556840076 5528.206 1
5.6510741935483875 0.22025 0.09178743961352658 0.017713365539452495 1.105263157894737 0.3153017676423058 1.0 0.0296875 6814.926 -2
4.411599634369287 0.21892448512585813 0.13686131386861314 0.01824817518248175 1.1428571428571428 0.3779644730092272 1.0 0.012612612612612612 4709.308 1
3.6534981108312343 0.21881338582677165 0.11642542479546884 0.01825047199496539 0.975 0.15811388300841897 1.0 0.024554941682013505 8519.392 1
2.811334693877551 0.1801938775510204 0.37474541751527496 0.008146639511201629 1.0 0.0 1.0 0.0020325203252032522 1377.554 1
22.345345911949686 0.2231968503937008 0.1625 0.0375 1.2 0.4472135954999579 1.0 0.030303030303030304 6100.0779999999995 1
0.9264131674442716 0.19783246921581335 0.1287898419279606 0.010883648613630474 0.9629629629629629 0.2721655269759087 1.0 0.013800153335037056 7086.289 1
4.1383726708074535 0.20741770186335404 0.10049627791563276 0.00620347394540943 0.875 0.3415650255319866 1.0 0.019464720194647202 6638.698 1
5.907795677799608 0.2022186732186732 0.08823529411764706 0.00196078431372549 1.0714285714285714 0.2672612419124244 1.0 0.026717557251908396 4565.96 1
4.255070234113712 0.20561297071129708 0.09181969949916527 0.008347245409015025 1.0 0.0 1.0 0.016420361247947456 2813.9320000000002 1
10.670760869565218 0.22047282608695654 0.12121212121212122 0.008658008658008658 1.0 0.0 1.0 0.004310344827586207 2454.275 1
9.14144992743106 0.2063901996370236 0.1956521739130435 0.011594202898550725 1.1428571428571428 0.36313651960128146 1.0 0.019886363636363636 7366.148999999999 1
1.0639542613636364 0.2032265625 0.136040897472309 0.012212439647827322 0.970873786407767 0.2603282497913819 1.0 0.028421633554083885 7428.053 1
0.831759633027523 0.2097849770642202 0.16001834021091244 0.008253094910591471 1.0 0.27914526311954124 1.0 0.034528552456839307 3497.48 1
297.3194363636364 0.3191136363636364 0.07207207207207207 0.0 1.0 0.0 1.0 0.017699115044247787 32931.145 1
0.6644442724458204 0.19348062015503875 0.10973724884080371 0.010819165378670788 1.1333333333333333 0.3518657752744984 1.0 0.022658610271903322 642.701 1
3.176071022727273 0.3100355450236967 0.10122989593188268 0.04730368968779565 1.0588235294117647 0.4287464628562721 1.0 0.015828677839851025 6681.4130000000005 1
7.672598290598291 0.18193548387096775 0.3050847457627119 0.0423728813559322 0.6666666666666666 0.5773502691896257 1.0 0.024793388429752067 1067.062 1
0.8724659832246039 0.20103496503496504 0.11173184357541899 0.01303538175046555 1.0 0.0 1.0 0.020966271649954422 1789.551 1
35.608506172839505 0.224390625 0.10975609756097561 0.0 1.0 0.0 1.0 0.023809523809523808 5167.084000000001 1
6.950287581699347 0.318766393442623 0.1465798045602606 0.03908794788273615 1.0 0.0 1.0 0.012861736334405145 2894.774 1
6.530473684210526 0.22418181818181818 0.08496732026143791 0.026143790849673203 1.0 0.0 1.0 0.006493506493506494 992.632 1
5.318548654244307 0.22851036269430053 0.21694214876033058 0.028925619834710745 0.9166666666666666 0.28867513459481287 1.0 0.024193548387096774 3736.299 0
3.0176754460492776 0.21710626992561105 0.1366723259762309 0.022071307300509338 0.972972972972973 0.2873718541934519 1.0 0.030452674897119343 7029.3189999999995 1
2.2280800835654597 0.1885574912891986 0.0918580375782881 0.007654836464857342 1.032258064516129 0.1796053020267749 1.0 0.02111716621253406 5128.591 1
38.50940714285714 0.24665178571428573 0.1347517730496454 0.07092198581560284 1.25 0.5 1.0 0.027586206896551724 10782.296999999999 1
6.210605263157895 0.3274945054945055 0.3217391304347826 0.10434782608695652 1.6666666666666667 0.5773502691896257 2.0 0.025423728813559324 1354.527 1
8.854515706806282 0.24448852459016393 0.10443864229765012 0.02349869451697128 1.0714285714285714 0.47463114654932337 1.0 0.03526448362720403 4842.659 1
5.721255485893416 0.2129294117647059 0.13302034428794993 0.014084507042253521 1.0 0.0 1.0 0.022935779816513763 6087.903 1
2.36521897810219 0.21162385321100918 0.21739130434782608 0.021739130434782608 1.0 0.0 1.0 0.014285714285714285 641.2460000000001 1
15.886404580152671 0.23963157894736842 0.07224334600760456 0.057034220532319393 1.3333333333333333 0.5773502691896257 1.0 0.011278195488721804 5373.870000000001 1
88.3109649122807 0.21365934065934067 0.017391304347826087 0.008695652173913044 1.0 0.0 1.0 0.017094017094017096 10082.01 2
4.967944584382871 0.19233070866141733 0.09559748427672957 0.006289308176100629 1.0 0.3849001794597505 1.0 0.03402187120291616 6373.976 1
8.464933174224344 0.23460298507462687 0.23095238095238096 0.014285714285714285 1.0 0.0 1.0 0.009433962264150943 6735.245 1
48.808431818181816 0.20305714285714285 0.056179775280898875 0.02247191011235955 1.2 0.4472135954999579 1.0 0.05319148936170213 8299.690999999999 1
12.473127167630057 0.20097101449275362 0.13793103448275862 0.0 1.0 0.0 1.0 0.011363636363636364 2571.192 1
237.20766025641026 0.1960241935483871 0.07643312101910828 0.01910828025477707 0.375 0.5175491695067657 0.0 0.048484848484848485 37907.140999999996 1
19.009113475177305 0.20497321428571427 0.07042253521126761 0.035211267605633804 1.0 0.0 1.0 0.034013605442176874 4997.362 2
265.0039409207161 0.2086218030690537 0.12221938123242138 0.021477882894400408 1.0147058823529411 0.32289026179014957 1.0 0.017089721035436038 2071435.6639999999 0
1414.845556010929 0.3128854700854701 0.13096862210095497 0.09686221009549795 0.9444444444444444 0.23570226039551584 1.0 0.023968042609853527 2069796.966 -2
2655.29581748072 0.2500675241157556 0.08205128205128205 0.02564102564102564 1.0 0.0 1.0 0.015151515151515152 1033788.252 2
2785.154900269542 0.2239695945945946 0.1586021505376344 0.016129032258064516 0.4 0.5163977794943222 0.0 0.02617801047120419 2064294.675 0
1103.0581853035144 0.21710652463382157 0.10957446808510639 0.023404255319148935 0.88 0.43969686527576396 1.0 0.025906735751295335 2070223.304 0
463.9748454020435 0.203295 0.10479573712255773 0.012877442273534635 0.9 0.4472135954999579 1.0 0.008802816901408451 2088677.588 0
414.2555126883426 0.2021085770946951 0.07015457788347206 0.006341656757827983 1.1111111111111112 0.3233808333817773 1.0 0.0070838252656434475 1046549.371 0
1.590055786076533 0.2069878962536023 0.13179723502304147 0.005990783410138249 1.0 0.0 1.0 0.0027573529411764708 4041.879 0
1945.1861327102804 0.2727196261682243 0.13059701492537312 0.0018656716417910447 1.0 0.4264014327112209 1.0 0.021897810218978103 2079631.601 2
621.0144447101017 0.23998131539611361 0.0985663082437276 0.013142174432497013 1.0833333333333333 0.28867513459481287 1.0 0.0071174377224199285 2076258.1039999998 0
1455.3575941422594 0.23365095986038395 0.13649025069637882 0.012534818941504178 0.8947368421052632 0.3153017676423058 1.0 0.025780189959294438 2086911.742 2
582.7032162011172 0.22513477653631286 0.10999441652707985 0.005583472920156337 1.0 0.4264014327112209 1.0 0.012679162072767364 2085708.797 0
520.6730269595606 0.262834581772784 0.07784431137724551 0.00998003992015968 1.0566037735849056 0.23329531793437602 1.0 0.025765678172095283 2084922.523 2
968.0024931506849 0.21299657534246574 0.0812043795620438 0.008211678832116789 1.1666666666666667 0.5144957554275266 1.0 0.01615798922800718 2118585.923 0
754.1571772694782 0.2123958891867739 0.09642857142857143 0.016428571428571428 0.9333333333333333 0.5936168397046637 1.0 0.01060070671378092 2109853.6100000003 0
1565.3422421991086 0.22785873605947957 0.09940652818991098 0.016320474777448073 1.0 0.0 1.0 0.008823529411764706 2103438.008 1
690.0057762467192 0.21841427399507793 0.11147540983606558 0.0045901639344262295 1.0384615384615385 0.34418242032610913 1.0 0.016763378465506126 2101484.084 0
3111.497708791209 0.20822680412371133 0.07397260273972603 0.0 1.25 0.5 1.0 0.01084010840108401 2265136.0659999996 0
3112.249621546961 0.21020415224913494 0.10192837465564739 0.008264462809917356 1.2307692307692308 0.4385290096535146 1.0 0.034574468085106384 2242240.9699999997 0
800.2981239255015 0.21832706093189963 0.08518253400143164 0.014316392269148175 1.064516129032258 0.3592106040535498 1.0 0.021708683473389355 2234429.489 1
2.1620789156626508 0.1908644578313253 0.07405177603853101 0.010836845273931367 1.0 0.3592106040535498 1.0 0.018901358535144713 6225.817999999999 0
152.33957111904155 0.2011687380497132 0.08640244679495349 0.012233974767427042 1.0364963503649636 0.2820293873946991 1.0 0.01715931863727455 2390120.227 1
2744.600349537037 0.1990840579710145 0.04387990762124711 0.009237875288683603 1.0 0.408248290463863 1.0 0.02914798206278027 2371180.226 1
288.85036187242304 0.19111188599151 0.0906886517943744 0.010184287099903006 1.0461538461538462 0.2756112088822559 1.0 0.0155168297923132 2381544.2019999996 1
8.17839104477612 0.19220149253731345 0.05357142857142857 0.0 1.0 0.0 1.0 0.01466275659824047 3385.426 1
82.14708029197081 0.24974311926605505 0.043478260869565216 0.028985507246376812 1.3333333333333333 0.5773502691896257 1.0 0.02127659574468085 11441.675 0
2.3706580557443915 0.19363095238095238 0.14334239130434784 0.004755434782608696 1.032258064516129 0.31452302170555924 1.0 0.020625415834996674 6705.862999999999 1
4.791278645833334 0.1900944625407166 0.15844155844155844 0.01038961038961039 0.875 0.3535533905932738 1.0 0.020356234096692113 2276.628 1
4667.579909090909 0.27932107023411373 0.19466666666666665 0.024 1.0084033613445378 0.47827015837848935 1.0 0.2408906882591093 3491346.809 2
3744.5647489270386 0.2656774193548387 0.17558886509635974 0.004282655246252677 0.8609271523178808 0.5296506408232725 1.0 0.24433656957928804 3489933.452 0
7475.770102127659 0.32981382978723406 0.2245762711864407 0.012711864406779662 1.1363636363636365 0.46209377337410695 1.0 0.15714285714285714 3513611.525 1
2726.2142152671754 0.3054064885496183 0.20426829268292682 0.01524390243902439 0.8826086956521739 0.6122135183608685 1.0 0.2595936794582393 3571340.81 -2
1673.4137117537314 0.23636989498249708 0.27586206896551724 0.010251630941286114 0.905982905982906 0.563296642101369 1.0 0.17903596021423107 3587753.066 0
3759.6362750929366 0.3118906976744186 0.15769944341372913 0.027829313543599257 1.0460526315789473 0.4042623204079725 1.0 0.2199710564399421 4045367.4620000003 1
2032.6652847457626 0.2702415254237288 0.21331828442437922 0.014672686230248307 0.9262672811059908 0.4555230840275005 1.0 0.19673617407071622 3597820.338 0
792.9666439767129 0.25046304591265395 0.20904207699194272 0.0026857654431512983 0.9436619718309859 0.5231187424930532 1.0 0.13711857860177676 3541383.716 0
413.93333223296395 0.2320215212264151 0.20226308345120225 0.003536067892503536 0.9467849223946785 0.5222235326785569 1.0 0.09610057532495206 3510975.136 2
6219.848792079208 0.3237639751552795 0.10837438423645321 0.009852216748768473 1.0 0.4296689244236597 1.0 0.24535315985130113 2512818.66 0
7358.236358649789 0.28734391534391535 0.18067226890756302 0.01680672268907563 1.0 0.4140393356054125 1.0 0.13138686131386862 3487788.029 0
11879.836006756757 0.3145677966101695 0.174496644295302 0.020134228187919462 1.0571428571428572 0.4160639899071764 1.0 0.19021739130434784 3516112.423 0
11967.312258741258 0.26235087719298245 0.06944444444444445 0.0 0.9696969696969697 0.17407765595569785 1.0 0.1864406779661017 3421136.624 -2
7547.9802070484575 0.3273038674033149 0.11842105263157894 0.03070175438596491 0.8939393939393939 0.3972516303413465 1.0 0.22448979591836735 3426777.974 0
4667.992282191781 0.30582534246575344 0.16939890710382513 0.0 0.9772727272727273 0.3706866175667139 1.0 0.19383259911894274 3407635.1739999996 0
1427.2376397896583 0.27437609649122807 0.2583187390542907 0.02626970227670753 0.9903225806451613 0.4514305479449903 1.0 0.21349862258953167 3198656.198 0
2.0703384516954575 0.2632928 0.1956521739130435 0.004475703324808184 0.9921259842519685 0.4532894788699223 1.0 0.1397139713971397 6466.993 1
1330.3943619909503 0.23911425339366515 0.19077757685352623 0.0081374321880651 0.975 0.4479162095946183 1.0 0.1263823064770932 2940146.783 0
37.79263839285714 0.2924003724394786 0.3164933135215453 0.010401188707280832 0.9841269841269841 0.43788814981229135 1.0 0.15769712140175218 50770.837 0
2.0553725490196078 0.44633333333333336 0.05825242718446602 0.0 1.0192307692307692 0.36997003669797185 1.0 0.33548387096774196 418.371 0
591.4608952182951 0.25036174636174635 0.2144638403990025 0.0033250207813798837 0.9560975609756097 0.4400759994865773 1.0 0.1455965909090909 2833678.4620000003 2
168.44571014492755 0.2975090909090909 0.45714285714285713 0.0 1.0 0.3922322702763681 1.0 0.16666666666666666 23244.754 0
751.0185059267242 0.24699460916442048 0.23801830910070004 0.0026925148088314485 0.9665271966527197 0.4839100964023084 1.0 0.11402671755725191 2787779.664 1
214.6327625 0.2693125 0.04938271604938271 0.012345679012345678 1.0526315789473684 0.40465131911125596 1.0 0.19 34337.91 0
483.91547362637357 0.3059294871794872 0.22958623214939583 0.0032954961552544857 1.02321083172147 0.367585538268934 1.0 0.15917487684729065 2642173.349 0
127.01766176470588 0.7437592592592592 0.028985507246376812 0.0 1.05 0.22360679774997896 1.0 0.2247191011235955 17275.019999999997 0
42.54193567251462 0.26229411764705884 0.32558139534883723 0.005813953488372093 1.0454545454545454 0.4857270179130825 1.0 0.1134020618556701 14547.36 0
511.42580206677263 0.2478006958250497 0.1724274930472785 0.0027810885975367503 0.9768115942028985 0.4936058967035671 1.0 0.12054507337526206 2573491.54 0
2.7182154420921543 0.2475809968847352 0.2524875621890547 0.0024875621890547263 1.075 0.4436614058468177 1.0 0.09049773755656108 4353.293 0
5.204058823529412 0.25966666666666666 0.11650485436893204 0.0 1.0 0.408248290463863 1.0 0.1953125 1060.1680000000001 0
4.982956989247311 0.2596081081081081 0.14893617021276595 0.02127659574468085 0.6666666666666666 0.5640760748177662 1.0 0.3237410071942446 925.812 0
0.5858870967741936 0.31457142857142856 0.23809523809523808 0.0 1.05 0.3940344628262062 1.0 0.24096385542168675 71.441 0
12.92794427244582 0.26791085271317827 0.20987654320987653 0.0030864197530864196 0.6534653465346535 0.5373200827133942 1.0 0.2376470588235294 8342.127 0
11.69513432835821 0.37876875 0.2376237623762376 0.01485148514851485 1.011764705882353 0.44971201491459334 1.0 0.2961672473867596 4700.452 -2
363.3618219178082 0.19660344827586207 0.21621621621621623 0.0 1.0769230769230769 0.2773500981126146 1.0 0.14942528735632185 53048.777 0
5.679187687687688 0.3149266917293233 0.19940029985007496 0.0029985007496251873 0.9504132231404959 0.4794748107025873 1.0 0.2662266226622662 7564.1 -2
3.2090413625304137 0.3048109756097561 0.23786407766990292 0.0024271844660194173 0.9411764705882353 0.5529263551139216 1.0 0.27079646017699116 2633.344 2
11.657349056603774 0.3395 0.08411214953271028 0.018691588785046728 1.0 0.43133109281375365 1.0 0.2913907284768212 2471.617 0
7.049315789473685 0.22875824175824175 0.20087336244541484 0.0 1.0625 0.4330127018922193 1.0 0.17328519855595667 3213.63 0
8.539820512820514 0.307524064171123 0.13617021276595745 0.00851063829787234 1.0333333333333334 0.3171198066211135 1.0 0.2033898305084746 3986.2200000000003 1
8.158775609756097 0.21553048780487805 0.17475728155339806 0.009708737864077669 1.0 0.3692744729379982 1.0 0.17928286852589642 2197.393 1
0.6017323943661972 0.24210714285714285 0.1111111111111111 0.0 1.0909090909090908 0.29424494316824984 1.0 0.23404255319148937 82.533 0
49.61841463414634 0.33106153846153846 0.07228915662650602 0.07228915662650602 1.0555555555555556 0.23570226039551584 1.0 0.1782178217821782 8134.843 0
2539.0793303684877 0.23577901430842607 0.15862944162436549 0.01903553299492386 1.0666666666666667 0.45773770821706344 1.0 0.0186799501867995 3378478.035 0
2501.83815 0.2209953125 0.08239700374531835 0.019975031210986267 1.0 0.0 1.0 0.008663366336633664 4002869.262 0
633.9666186252772 0.21008039603960396 0.18936035465484483 0.014249525015832806 0.9272727272727272 0.32515212704810303 1.0 0.017117958294428883 4002536.307 -2
8150.403236734694 0.21244897959183673 0.21951219512195122 0.02032520325203252 1.0 0.0 1.0 0.012048192771084338 1999428.8120000002 1
2048.9350481557376 0.22040128205128204 0.1218014329580348 0.01330603889457523 1.0625 0.4425306015783918 1.0 0.016112789526686808 3999156.459 0
1007.5436193353473 0.2066316120906801 0.14846502264720685 0.018117765475591345 1.0681818181818181 0.39753468608220566 1.0 0.021664204825209258 4001882.043 0
810.9004987824676 0.25983663115169964 0.1281947261663286 0.015821501014198783 0.9487179487179487 0.5103516820842348 1.0 0.015575079872204472 3995598.148 2
3907.81847265625 0.2489119804400978 0.08187134502923976 0.02729044834307992 1.0 0.5345224838248488 1.0 0.015355086372360844 4001252.959 0
4468.732706401766 0.2595193370165746 0.048458149779735685 0.022026431718061675 1.0 0.0 1.0 0.027837259100642397 4048662.624 2
1190.8680811764705 0.24805735294117648 0.07760141093474426 0.01352145796590241 1.0571428571428572 0.4160639899071764 1.0 0.020161290322580645 4048947.955 0
4404.425257641921 0.24460382513661202 0.08061002178649238 0.023965141612200435 0.875 0.3535533905932738 1.0 0.017130620985010708 2660068.738 0
1489.3256007462687 0.24061287313432836 0.0894854586129754 0.014168530947054437 0.9642857142857143 0.18898223650461363 1.0 0.020452885317750184 3990211.542 0
1323.8391870967741 0.31983870967741934 0.08583690987124463 0.02145922746781116 0.8666666666666667 0.3518657752744984 1.0 0.031185031185031187 619186.6699999999 0
1760.0758205128204 0.3119225663716814 0.12809187279151943 0.027385159010600707 1.105263157894737 0.45883146774112354 1.0 0.016507384882710686 3364136.857 1
4338.7095955056175 0.2711067415730337 0.14349775784753363 0.006726457399103139 0.9166666666666666 0.28867513459481287 1.0 0.026200873362445413 3861451.107 1
567.4395897586816 0.27077593818984547 0.15151515151515152 0.022359517505148575 0.9714285714285714 0.2934763438324015 1.0 0.02017872585759585 2485305.008 -2
3016.1123298319326 0.36302894736842106 0.12368972746331237 0.04821802935010482 0.95 0.5104177855340404 1.0 0.04024144869215292 2871310.017 1
2488.2304556803997 0.244571875 0.20947630922693267 0.026184538653366583 1.0666666666666667 0.45773770821706344 1.0 0.01835985312117503 3986059.615 -2
985.984832835821 0.25238743781094525 0.12381899552461462 0.019890601690701143 1.0 0.4188539082916955 1.0 0.02803286611889802 3962552.599 -2
1267.611495652174 0.20922554347826086 0.11062906724511931 0.004338394793926247 1.0 0.0 1.0 0.00646551724137931 583959.59 -2
641.1553797016861 0.20418889339278476 0.17212317666126417 0.012317666126418152 0.9772727272727273 0.26313285738244374 1.0 0.014062000639181848 3954587.908 -2
7056.819425531915 0.24922222222222223 0.07773851590106007 0.0176678445229682 1.1666666666666667 0.408248290463863 1.0 0.020761245674740483 3975460.9529999997 -2
1941.7323271484374 0.21317094017094018 0.13951219512195123 0.02048780487804878 1.0606060606060606 0.34815531191139565 1.0 0.031190926275992438 3976399.4529999997 -2
2152.5599003250272 0.22516937669376694 0.13203463203463203 0.0183982683982684 1.0 0.3922322702763681 1.0 0.014925373134328358 3973467.927 -2
2141.2506816720256 0.1986756032171582 0.139186295503212 0.034261241970021415 0.7954545454545454 0.5531955983003285 1.0 0.044989775051124746 3965698.961 -2
3890.3280098425194 0.2282463054187192 0.0825147347740668 0.03732809430255403 1.3 0.48304589153964794 1.0 0.019267822736030827 3952462.199 -2
1419.798632299928 0.20544724977457168 0.19380403458213258 0.012247838616714697 1.0571428571428572 0.33806170189140666 1.0 0.024595924104005622 3938507.292 2
1839.4600598690365 0.25840584795321636 0.22149532710280373 0.029906542056074768 0.7741935483870968 0.4973045625740722 1.0 0.02815622161671208 3932547.518 2
3851.076133072407 0.17544362745098038 0.296875 0.01171875 1.0 0.5345224838248488 1.0 0.015384615384615385 3917166.2630000003 -2
698.5140640200285 0.2119557245080501 0.18519842688594923 0.017518770110833037 1.118279569892473 0.38587738437711794 1.0 0.03217993079584775 3906056.949 -2
1460.0511457399105 0.24711495327102803 0.14339058999253174 0.01344286781179985 1.1132075471698113 0.31987842392976584 1.0 0.03807471264367816 2560359.96 2
724.475308030803 0.25255777166437415 0.19406267179769104 0.018141836173721827 0.9444444444444444 0.33333333333333337 1.0 0.01940700808625337 2634083.4230000004 0
3328.9737493734337 0.21270846394984327 0.1125 0.05 1.0 0.0 1.0 0.012345679012345678 2656035.265 0
4316.698442996743 0.17726938775510204 0.18181818181818182 0.00974025974025974 1.0 0.0 1.0 0.01910828025477707 2650187.723 0
3418.6351735751296 0.2015909090909091 0.09302325581395349 0.01808785529715762 1.1 0.31622776601683794 1.0 0.02518891687657431 2607127.1119999997 0
1116.2247661777394 0.2298349514563107 0.11982758620689656 0.021551724137931036 0.9696969696969697 0.39408505465575616 1.0 0.027661357921207042 2587079.376 0
5923.838032110092 0.21620689655172415 0.1278538812785388 0.0 1.0 0.7071067811865476 1.0 0.022321428571428572 1293776.196 0
6592.52611111111 0.33184177215189875 0.1507537688442211 0.01507537688442211 1.0 0.0 1.0 0.024509803921568627 2610450.527 0
114.90320192307694 0.1753132530120482 0.21904761904761905 0.01904761904761905 2.0 0.0 2.0 0.009433962264150943 11949.933 0
147.07218987341773 0.2526031746031746 0.0875 0.0375 1.0 0.0 1.0 0.012345679012345678 11618.703 0
32.02166459627329 0.277046875 0.11728395061728394 0.012345679012345678 1.0 0.0 1.0 0.01818181818181818 5178.4890000000005 0
14.417080357142858 0.31717977528089886 0.3185840707964602 0.02654867256637168 1.0 0.0 1.0 0.008771929824561403 1614.713 0
0.7859263157894737 0.19485526315789473 0.22916666666666666 0.03125 1.0 0.0 1.0 0.010309278350515464 74.663 0
3.592160390516039 0.2734712041884817 0.20055710306406685 0.002785515320334262 1.105263157894737 0.45883146774112354 1.0 0.025780189959294438 5144.116 0
4.366707142857143 0.2586785714285714 0.1340941512125535 0.039942938659058486 1.0 0.0 1.0 0.007082152974504249 5153.3 0
19.862172248803827 0.1936437125748503 0.22195704057279236 0.00954653937947494 1.0 0.0 1.0 0.009456264775413711 16556.521 0
253.90776595744683 0.24456 0.08421052631578947 0.010526315789473684 1.0 0.0 1.0 0.04040404040404041 23934.398 0
278.716253164557 0.30198412698412697 0.15 0.0125 1.3333333333333333 0.5773502691896257 1.0 0.03614457831325301 22022.932999999997 0
30.042247232472324 0.1923888888888889 0.23161764705882354 0.0 1.0 0.0 1.0 0.014492753623188406 16243.594000000001 0
1.2292880886426594 0.22315625 0.13259668508287292 0.022099447513812154 1.0 0.0 1.0 0.018970189701897018 884.7940000000001 0
9.470528571428572 0.21470714285714285 0.20512820512820512 0.005698005698005698 1.0 0.0 1.0 0.01680672268907563 3550.122 0
2.285061855670103 0.3267198275862069 0.15753424657534246 0.023972602739726026 1.05 0.22360679774997896 1.0 0.0641025641025641 1327.041 0
15.511385321100919 0.39200574712643677 0.1689497716894977 0.0319634703196347 1.0454545454545454 0.4857270179130825 1.0 0.0912863070539419 6712.1939999999995 0
0.5630483870967742 0.31337373737373736 0.304 0.0 1.2727272727272727 0.6466697906828632 1.0 0.08088235294117647 118.094 0
4.235256793478261 0.21694897959183673 0.28493894165535955 0.0203527815468114 1.3 0.6749485577105528 1.0 0.013386880856760375 6159.358 0
82.9473431372549 0.2830987654320988 0.009708737864077669 0.0 1.0 0.0 1.0 0.02830188679245283 15839.342 0
6.902832487309645 0.22321656050955413 0.36363636363636365 0.030303030303030304 0.6666666666666666 0.5773502691896257 1.0 0.014925373134328358 1406.753 0
3.894151898734177 0.21902380952380954 0.16981132075471697 0.012578616352201259 1.0 0.0 1.0 0.03048780487804878 773.91 0
5.916355319148936 0.1731037234042553 0.14861995753715498 0.01910828025477707 1.0 0.0 1.0 0.00211864406779661 2780.687 0
5.575926426426426 0.17567857142857143 0.2593703148425787 0.010494752623688156 1.0 0.0 1.0 0.010385756676557863 7353.6759999999995 0
2.3448673469387757 0.21721794871794872 0.0707070707070707 0.010101010101010102 1.0 0.0 1.0 0.01 229.797 0
32.166690476190475 0.19725373134328358 0.047058823529411764 0.011764705882352941 1.0 0.0 1.0 0.022988505747126436 2706.237 0
307.0781851851852 0.20097222222222222 0.2426470588235294 0.029411764705882353 1.0 0.0 1.0 0.014492753623188406 41457.717 0
19.462470588235295 0.3423970588235294 0.19767441860465115 0.03488372093023256 2.0 0.0 2.0 0.011494252873563218 1654.31 0
18.292559574468086 0.31379521276595745 0.11252653927813164 0.01910828025477707 0.38095238095238093 0.538850671761303 0.0 0.08187134502923976 9342.495 0
2.9519667128987517 0.29559895833333333 0.1994459833795014 0.027700831024930747 1.0909090909090908 0.30151134457776363 1.0 0.015006821282401092 3922.545 0
0.9091238754325259 0.20829152249134947 0.17219917012448133 0.016597510373443983 0.8888888888888888 0.33333333333333337 1.0 0.006185567010309278 1961.7359999999999 0
3.4434397590361447 0.18260710441334768 0.16251074806534824 0.01117798796216681 1.0 0.0 1.0 0.004280821917808219 4049.799 0
3.4546825726141077 0.19389623865110248 0.13264248704663212 0.02072538860103627 0.8333333333333334 0.408248290463863 1.0 0.006179196704428424 4116.9929999999995 0
9.227728971962616 0.22950588235294117 0.037037037037037035 0.046296296296296294 1.0 0.0 1.0 0.009174311926605505 987.367 0
7.311108050847458 0.21874005305039787 0.16279069767441862 0.035940803382663845 1.0 0.0 1.0 0.016632016632016633 6865.473 0
0.45063725490196077 0.20490123456790124 0.06796116504854369 0.009708737864077669 1.0 0.0 1.0 0.009615384615384616 45.965 0
7.811789644012945 0.23192307692307693 0.09032258064516129 0.054838709677419356 1.0 0.0 1.0 0.015873015873015872 2562.495 0
59.46648421052632 0.2355 0.03125 0.020833333333333332 1.0 0.0 1.0 0.010309278350515464 5649.316 0
4.019580275229358 0.2689899569583931 0.12829324169530354 0.013745704467353952 1.0 0.4264014327112209 1.0 0.013559322033898305 4642.49 0
0.6162934782608696 0.20294520547945205 0.13978494623655913 0.0 1.0 0.0 1.0 0.010638297872340425 56.699 0
2.793887816646562 0.19858371040723982 0.18674698795180722 0.027710843373493974 1.0 0.0 1.0 0.00954653937947494 3207.375 0
1.9229344262295083 0.19607613469985358 0.15087719298245614 0.025730994152046785 1.1538461538461537 0.3755338080994054 1.0 0.014976958525345621 2723.562 0
102.05009000000001 0.261275 0.06930693069306931 0.0 1.0 0.0 1.0 0.019417475728155338 10453.069 0
2.828519047619048 0.22057242063492064 0.1324345757335448 0.02696272799365583 1.0 0.4472135954999579 1.0 0.008647798742138365 6643.191000000001 0
2.5691827661909987 0.18069251887439944 0.18760285244103125 0.010970927043335162 1.1333333333333333 0.3518657752744984 1.0 0.008161044613710556 8984.155999999999 0
6.308641949152542 0.21629442970822282 0.13742071881606766 0.03382663847780127 1.2 0.8366600265340756 1.0 0.010460251046025104 5236.081 0
0.9806335877862595 0.20526433121019108 0.27918781725888325 0.04060913705583756 1.0 0.0 1.0 0.029556650246305417 733.961 0
82.20481443298969 0.1840779220779221 0.07142857142857142 0.0 1.0 0.0 1.0 0.0392156862745098 7988.438 0
1.6823703241895263 0.17771138845553822 0.1718555417185554 0.008717310087173101 1.0 0.3922322702763681 1.0 0.017135862913096694 2616.434 0
186.5171083333333 0.23721875 0.1652892561983471 0.01652892561983471 1.0 0.0 1.0 0.016260162601626018 22382.46 0
1.4740911764705882 0.18379963235294117 0.20426157237325496 0.015429831006612785 1.0 0.0 1.0 0.007293946024799417 3122.706 0
2.839347972972973 0.21222492080253433 0.10548523206751055 0.039662447257383965 1.0833333333333333 0.5149286505444373 1.0 0.010025062656641603 6275.625 0
5.786067474048443 0.22334848484848485 0.15025906735751296 0.02072538860103627 1.0 0.0 1.0 0.00686106346483705 3732.094 0
7.878485849056604 0.21931360946745562 0.07042253521126761 0.018779342723004695 1.5 0.7071067811865476 1.0 0.009302325581395349 1883.178 0
14.243359477124184 0.33427868852459014 0.22727272727272727 0.012987012987012988 0.75 0.5 1.0 0.02531645569620253 3530.411 0
10.52217415730337 0.3425281690140845 0.07262569832402235 0.027932960893854747 1.0 0.0 1.0 0.005555555555555556 1872.947 0
9.014084432717677 0.29494719471947195 0.12105263157894737 0.02894736842105263 1.1111111111111112 0.33333333333333337 1.0 0.02313624678663239 6307.308 0
4075.3764181034485 0.34785405405405406 0.37339055793991416 0.017167381974248927 0.8153846153846154 0.6072509587421512 1.0 0.3581267217630854 1890975.26 0
6455.158164383562 0.4847844827586207 0.2108843537414966 0.02040816326530612 0.9622641509433962 0.5150039907730127 1.0 0.4189723320158103 1880901.6809999999 0
4163.147875 0.4038826815642458 0.26222222222222225 0.0044444444444444444 1.0 0.3779644730092272 1.0 0.20212765957446807 1865088.387 2
3641.991594488189 0.27727586206896554 0.2980392156862745 0.00784313725490196 1.0684931506849316 0.3040818202797687 1.0 0.2225609756097561 1849773.348 2
4217.967806167401 0.3716850828729282 0.27631578947368424 0.013157894736842105 0.9518072289156626 0.4660057169604129 1.0 0.26688102893890675 1914959.158 1
110.58584375000001 0.330984375 0.2803738317757009 0.018691588785046728 0.9722222222222222 0.4627898603347532 1.0 0.2517482517482518 53693.738 0
2725.5912051282053 0.3755857142857143 0.3380681818181818 0.014204545454545454 1.0057471264367817 0.4985195010335805 1.0 0.33079847908745247 1913365.665 1
1237.4160492866406 0.34366071428571426 0.3082901554404145 0.006476683937823834 0.8905263157894737 0.5851671628545414 1.0 0.3809141940657578 1908090.096 0
4698.875759259259 0.34425 0.2304147465437788 0.018433179723502304 1.0410958904109588 0.38867138949330254 1.0 0.2517241379310345 1976745.4980000001 -2
1654.0161969439728 0.29082590233545647 0.29491525423728815 0.005084745762711864 0.8942307692307693 0.5181888300765722 1.0 0.3458980044345898 1948431.279 0
1672.8612780656304 0.3437991360691145 0.2827586206896552 0.01896551724137931 0.9292452830188679 0.5056021666542896 1.0 0.2676767676767677 1936451.12 1
7828.786968992248 0.3670970873786408 0.2923076923076923 0.0 0.5652173913043478 0.5783781323305583 0.0 0.5859872611464968 2019827.171 0
4.9310574358974355 0.2365474358974359 0.32684426229508196 0.0020491803278688526 0.8482384823848238 0.5454887990858523 1.0 0.27434944237918213 9614.322 0
44.649475609756095 0.2594 0.3614457831325301 0.024096385542168676 1.1111111111111112 0.6763995415945232 1.0 0.1782178217821782 6486.9169999999995 0
644.3616516853933 0.4106760563380282 0.30970149253731344 0.029850746268656716 0.9435897435897436 0.47828887002859777 1.0 0.42116630669546434 172352.33599999998 0
9.403655172413792 0.5330579710144927 0.19318181818181818 0.011363636363636364 0.9649122807017544 0.5658404709778997 1.0 0.3931034482758621 1598.624 0
54.848976923076926 0.29 0.183206106870229 0.0 0.8227848101265823 0.5491133569133687 1.0 0.3761904761904762 7197.5160000000005 0
330.2862769230769 0.40301923076923074 0.13636363636363635 0.015151515151515152 1.125 0.5 1.0 0.1951219512195122 42934.541 -2
40.575271428571426 0.5520178571428571 0.22535211267605634 0.014084507042253521 1.125 0.5366968215490656 1.0 0.25263157894736843 5680.677 0
29.3801914893617 0.2827321428571429 0.3591549295774648 0.007042253521126761 0.92 0.44446711960297275 1.0 0.2604166666666667 4315.196 1
224.56218 0.308175 0.32338308457711445 0.004975124378109453 0.8390804597701149 0.5680149690623091 1.0 0.3020833333333333 45126.608 0
38.655193181818184 0.48134285714285713 0.0898876404494382 0.011235955056179775 0.9705882352941176 0.5213789477243252 1.0 0.2764227642276423 6801.059 0
500.77535576923077 0.32242168674698796 0.2 0.0380952380952381 1.0571428571428572 0.33806170189140666 1.0 0.25 104158.246 0
298.6475267857143 0.3440337078651685 0.21238938053097345 0.0 0.9607843137254902 0.44545636436021385 1.0 0.31097560975609756 66897.006 0
47.080170068027215 0.40241880341880343 0.14189189189189189 0.013513513513513514 1.018181818181818 0.40783570997396285 1.0 0.270935960591133 13842.917 0
1080.1465967741935 0.8091020408163265 0.12698412698412698 0.015873015873015872 1.1923076923076923 0.4914656259988704 1.0 0.29213483146067415 133938.991 2
24.291541666666667 0.5341578947368422 0.1836734693877551 0.0 0.7948717948717948 0.5221154933480351 1.0 0.4431818181818182 2332.408 0
151.29538011695905 0.33221323529411767 0.3953488372093023 0.005813953488372093 1.0 0.47809144373375745 1.0 0.29218106995884774 51743.666 2
107.81822000000001 0.289275 0.21568627450980393 0.0392156862745098 0.8333333333333334 0.5920934999167599 1.0 0.37037037037037035 10781.386 2
894.8604210526316 0.35944444444444446 0.3103448275862069 0.0 0.9583333333333334 0.6240935455708451 1.0 0.2926829268292683 65426.485 0
40.47923076923077 0.42193548387096774 0.211864406779661 0.03389830508474576 0.8363636363636363 0.5362295101372989 1.0 0.3179190751445087 9448.385999999999 0
366.6382535211268 0.44323214285714285 0.18055555555555555 0.027777777777777776 1.0 0.3333333333333333 1.0 0.2087912087912088 52032.236 0
12.788170731707316 0.3456 0.3614457831325301 0.0 0.8863636363636364 0.5793303708998299 1.0 0.3464566929133858 2108.05 0
29.484194915254236 0.32985106382978724 0.3949579831932773 0.0 0.8382352941176471 0.6604000171232055 1.0 0.36363636363636365 6576.202 0
39.10201315789474 0.5883666666666667 0.37662337662337664 0.012987012987012988 1.0909090909090908 0.30151134457776363 1.0 0.125 5930.013000000001 2
160.21736231884057 0.32074545454545456 0.42857142857142855 0.02857142857142857 1.2 0.5 1.0 0.2631578947368421 22106.362 2
83.78215294117646 0.3053235294117647 0.2558139534883721 0.0 1.0869565217391304 0.41702882811414954 1.0 0.21100917431192662 14241.185000000001 0
103.68674647887323 0.459125 0.05555555555555555 0.013888888888888888 1.04 0.3511884584284246 1.0 0.25773195876288657 14717.743999999999 0
