438.6154285714286 91.5746 0.0 0.0 0.9148936170212766 0.47878822103721475 1.0 0.9215686274509803 10663.29 0
1322.004888888889 1.9102857142857141 0.0 0.0 1.010989010989011 0.23544310445085334 1.0 0.900990099009901 23921.405 0
2545.3851538461536 4.1631 0.0 0.07142857142857142 1.0 0.2013468165642073 1.0 0.9141104294478528 66370.26999999999 1
7.394923076923076 0.9143 0.0 0.0 1.0 0.17407765595569785 1.0 0.8271604938271605 5692.016 1
100.5585 2.6658636363636363 0.0 0.0 0.9883040935672515 0.21661307585232004 1.0 0.855 5634.860000000001 1
390.7123571428572 59.861363636363635 0.06666666666666667 0.0 1.0 0.3429971702850177 1.0 0.8514851485148515 11018.190999999999 1
1232.0286666666666 18.862750000000002 0.0 0.0 1.0 0.3086066999241838 1.0 0.9239130434782609 14788.458999999999 0
771.9502857142858 8.760454545454547 0.0 0.0 1.0 0.1466471150213533 1.0 0.8623853211009175 21622.285 0
3548.2558750000003 403.9245 0.0 0.0 1.0 0.23094010767585033 1.0 0.8941176470588236 56777.596999999994 0
19.198 21.569142857142857 0.1111111111111111 0.0 0.8545454545454545 0.42483377507801706 1.0 0.9243697478991597 311.33000000000004 0
513.5690714285714 1.659 0.06666666666666667 0.0 1.0 0.29019050004400465 1.0 0.8648648648648649 14383.618999999999 1
0.8343 0.551859375 0.037037037037037035 0.07407407407407407 1.1666666666666667 0.408248290463863 1.0 0.06896551724137931 119.572 -2
189.6302755102041 0.4614358974358974 0.12121212121212122 0.0 1.0 0.0 1.0 0.029411764705882353 37152.242 1
1.4291666666666667 0.3491044776119403 0.27058823529411763 0.0 1.2857142857142858 0.4879500364742666 1.0 0.07608695652173914 137.79 0
2.3848351206434315 0.27836409395973155 0.12717536813922356 0.00535475234270415 1.0 0.411113225896519 1.0 0.08791208791208792 2468.191 -2
0.6158913043478261 0.3699178082191781 0.40860215053763443 0.0 0.8571428571428571 0.3779644730092272 1.0 0.07 98.195 1
6.05335798816568 0.2785111111111111 0.13274336283185842 0.017699115044247787 0.9473684210526315 0.404651319111256 1.0 0.05307262569832402 2227.0170000000003 2
936.7145360824742 0.3489220779220779 0.030612244897959183 0.0 1.375 0.5175491695067657 1.0 0.07547169811320754 153371.77 1
32.36623255813954 0.24704411764705883 0.011494252873563218 0.0 1.0 0.0 1.0 0.05434782608695652 5563.43 2
76.9414 0.47741176470588237 0.06976744186046512 0.05813953488372093 1.0 0.0 1.0 0.044444444444444446 13047.738000000001 2
454.42115306122446 0.46505128205128204 0.06060606060606061 0.04040404040404041 1.1111111111111112 0.33333333333333337 1.0 0.08333333333333333 89042.856 -2
1123.00104 0.3269166666666667 0.11842105263157894 0.039473684210526314 1.0 0.0 1.0 0.07317073170731707 137451.057 1
14.84376923076923 0.2822670807453416 0.12128712871287128 0.017326732673267328 0.9411764705882353 0.23883257361061286 1.0 0.0776255707762557 6195.023 2
82.38376470588236 0.29522131147540986 0.032467532467532464 0.006493506493506494 1.2 0.4472135954999579 1.0 0.031446540880503145 16628.672 2
1.115425287356322 0.24985507246376812 0.056818181818181816 0.0 1.0 0.5773502691896257 1.0 0.07368421052631578 157.107 2
574.9743442622951 0.28609278350515466 0.17886178861788618 0.016260162601626018 1.0 0.0 1.0 0.06818181818181818 140257.853 2
61.77720930232558 0.22761764705882354 0.04597701149425287 0.0 1.0 0.0 1.0 0.04395604395604396 5325.5740000000005 1
19.17030737704918 0.25754358974358976 0.1346938775510204 0.02857142857142857 1.0 0.0 1.0 0.01606425702811245 9313.238000000001 1
680.2883194444445 0.32866666666666666 0.1095890410958904 0.0 0.9 0.31622776601683794 1.0 0.12048192771084337 49132.899 2
170.10692857142857 0.3148846153846154 0.2222222222222222 0.010101010101010102 1.0 0.0 1.0 0.04807692307692308 16685.130999999998 1
109.05248571428572 0.3841428571428571 0.16901408450704225 0.0 1.0 0.4472135954999579 1.0 0.22826086956521738 14007.827000000001 -2
5.521296969696969 0.2590530303030303 0.1746987951807229 0.006024096385542169 1.0 0.0 1.0 0.05142857142857143 1641.51 1
1.3487629139072848 0.28339900662251655 0.056878306878306875 0.0026455026455026454 1.024390243902439 0.41501479242110734 1.0 0.09785202863961814 1943.3029999999999 1
1.1885276073619633 0.30580904319741625 0.11555842479018721 0.008392511297611363 1.0245901639344261 0.2782495815560424 1.0 0.13608477412158393 7354.906 0
1.1632089552238807 0.28467924528301886 0.07352941176470588 0.014705882352941176 1.2142857142857142 0.4258153136263201 1.0 0.17073170731707318 149.0 0
42.122235294117644 0.363 0.08139534883720931 0.023255813953488372 0.8 0.4472135954999579 1.0 0.054945054945054944 5525.726 1
127.43399056603774 0.32526190476190475 0.037383177570093455 0.0 0.95 0.22360679774997896 1.0 0.15748031496062992 27016.434 2
4.893941431670282 0.2540217391304348 0.11904761904761904 0.0021645021645021645 1.027027027027027 0.2873718541934519 1.0 0.07414829659318638 4092.647 2
96.07371428571429 0.3697049180327869 0.16666666666666666 0.0 1.0 0.0 1.0 0.04878048780487805 13247.106 2
3.0948648090815274 0.3006851612903226 0.06804123711340206 0.023711340206185566 0.9733333333333334 0.3053585562494039 1.0 0.13392857142857142 5994.731 1
0.9926534653465346 0.30341250000000003 0.10784313725490197 0.0196078431372549 0.9333333333333333 0.2581988897471611 1.0 0.1282051282051282 200.551 1
9.006149425287356 0.3091304347826087 0.2159090909090909 0.022727272727272728 1.2 0.4472135954999579 1.0 0.053763440860215055 1504.0929999999998 1
4.00283908045977 0.2650647482014388 0.13142857142857142 0.0 1.0416666666666667 0.2041241452319315 1.0 0.12060301507537688 853.52 1
2.202048387096774 0.30291216216216216 0.08021390374331551 0.0 1.0 0.4264014327112209 1.0 0.06030150753768844 815.223 0
1.1123006134969324 0.2711846153846154 0.036585365853658534 0.006097560975609756 1.0 0.3779644730092272 1.0 0.08379888268156424 300.355 0
14.212986577181209 0.2841344537815126 0.16 0.006666666666666667 1.1428571428571428 0.3779644730092272 1.0 0.044585987261146494 2197.6400000000003 2
0.8914933920704846 0.26029834254143647 0.20175438596491227 0.0 1.037037037037037 0.3375797890278889 1.0 0.10588235294117647 399.96000000000004 2
1.1216523605150215 0.3311612903225806 0.0811965811965812 0.004273504273504274 1.0303030303030303 0.3046358979224712 1.0 0.12359550561797752 520.296 1
0.9415586206896551 0.33107758620689653 0.07534246575342465 0.00684931506849315 1.0 0.4714045207910317 1.0 0.11515151515151516 247.11200000000002 1
56.17265384615384 0.3241612903225806 0.05063291139240506 0.02531645569620253 1.0 0.0 1.0 0.09195402298850575 8759.741 2
115.7761081081081 0.47811864406779664 0.05333333333333334 0.0 1.1428571428571428 0.3779644730092272 1.0 0.08536585365853659 14601.118 2
160.61766666666668 0.40556140350877196 0.0410958904109589 0.0 1.125 0.3535533905932738 1.0 0.09876543209876543 13770.52 2
225.14287951807228 0.37524242424242427 0.011904761904761904 0.023809523809523808 1.1666666666666667 0.408248290463863 1.0 0.06666666666666667 37368.952000000005 2
59.50353333333333 0.34068333333333334 0.039473684210526314 0.0 1.1666666666666667 0.752772652709081 1.0 0.07317073170731707 8248.121000000001 1
134.74003896103895 0.35604918032786886 0.038461538461538464 0.01282051282051282 1.0 0.0 1.0 0.15217391304347827 20740.345999999998 -2
2.241093103448276 0.28382327586206896 0.037800687285223365 0.003436426116838488 1.0 0.3244428422615251 1.0 0.06430868167202572 1180.8110000000001 2
1.7086834951456311 0.296376213592233 0.24031007751937986 0.0 0.8297872340425532 0.3798826441307215 1.0 0.08348134991119005 1308.964 2
16.71426582278481 0.26534920634920633 0.03773584905660377 0.0 1.2857142857142858 0.4688072309384954 1.0 0.08092485549132948 2848.79 0
268.34665263157893 0.35080263157894737 0.03125 0.010416666666666666 1.0 0.0 1.0 0.08571428571428572 50973.216 2
1.2239402985074628 0.3218301886792453 0.10294117647058823 0.0 1.0 0.31622776601683794 1.0 0.23595505617977527 156.35399999999998 1
27.631963455149503 0.27232083333333335 0.11258278145695365 0.009933774834437087 0.9090909090909091 0.42640143271122083 1.0 0.06790123456790123 8469.235999999999 0
0.9581305732484077 0.2908937583001328 0.06998939554612937 0.0021208907741251328 1.0571428571428572 0.2713418022096367 1.0 0.10019083969465649 1796.625 0
6.772306201550387 0.2561650485436893 0.04633204633204633 0.007722007722007722 1.0952380952380953 0.30079260375911915 1.0 0.075 3488.297 2
51.11504166666667 0.4079342105263158 0.030927835051546393 0.0 0.4117647058823529 0.6089059766610501 0.0 0.2595419847328244 9793.703 1
77.84487341772153 0.27584126984126983 0.05 0.0125 1.0 0.0 1.0 0.058823529411764705 6225.951 0
14.25976404494382 0.2536901408450704 0.17318435754189945 0.0223463687150838 1.0 0.0 1.0 0.07253886010362694 5073.752 1
0.41223846153846155 0.2616346153846154 0.061068702290076333 0.007633587786259542 1.3333333333333333 0.5773502691896257 1.0 0.022388059701492536 81.886 1
259.568262745098 0.28469607843137257 0.0703125 0.00390625 1.0 0.29488391230979427 1.0 0.08571428571428572 132372.055 2
0.4311027027027027 0.25399324324324324 0.3279569892473118 0.010752688172043012 1.0 0.3922322702763681 1.0 0.1267605633802817 158.85399999999998 1
62.54802857142857 0.2533214285714286 0.20853080568720378 0.004739336492890996 0.96 0.5385164807134505 1.0 0.1059322033898305 13211.225999999999 1
262.7231803278689 0.34715463917525774 0.07317073170731707 0.016260162601626018 1.1666666666666667 0.408248290463863 1.0 0.046511627906976744 64077.437999999995 2
585.7302727272728 0.3197105263157895 0.1388888888888889 0.027777777777777776 1.0 0.3651483716701107 1.0 0.1 155584.272 1
139.41230232558138 0.29923529411764704 0.022988505747126436 0.04597701149425287 1.0 0.0 1.0 0.05434782608695652 11999.509 1
287.8398556701031 0.31067532467532466 0.1836734693877551 0.02040816326530612 0.9230769230769231 0.2773500981126146 1.0 0.11711711711711711 55792.763 2
0.9062901353965184 0.2435544794188862 0.07915057915057915 0.005791505791505791 1.1136363636363635 0.32103822064055043 1.0 0.07829181494661921 928.5440000000001 1
1.3008557046979865 0.2619244604316547 0.08576904647819837 0.012458073790129372 1.0177777777777777 0.34022634855926176 1.0 0.09731833910034603 5376.211 2
63.13298850574713 0.3411594202898551 0.10227272727272728 0.03409090909090909 1.0588235294117647 0.4287464628562721 1.0 0.1619047619047619 9402.884 2
4.5588139534883725 0.3700290827740492 0.044642857142857144 0.0035714285714285713 1.0265486725663717 0.3122549608192925 1.0 0.16790490341753342 5094.588 2
10.625678832116789 0.2871559633027523 0.07246376811594203 0.007246376811594203 1.0476190476190477 0.2182178902359924 1.0 0.1320754716981132 1504.892 2
119.92974436090225 0.30065566037735847 0.19101123595505617 0.003745318352059925 0.9545454545454546 0.4857270179130825 1.0 0.07612456747404844 32178.281000000003 0
659.2405531914893 0.3062666666666667 0.12631578947368421 0.0 1.0 0.0 1.0 0.07766990291262135 89518.581 2
0.5440473773265652 0.23321610169491525 0.10304054054054054 0.0 1.0169491525423728 0.13018891098082386 1.0 0.09062980030721966 637.057 1
193.94840277777777 0.3560175438596491 0.1095890410958904 0.0 1.0 0.0 1.0 0.10975609756097561 14593.264 2
13.276155844155843 0.31477235772357726 0.4 0.0 0.9032258064516129 0.3962186862224294 1.0 0.16666666666666666 4087.984 2
2.5224433333333334 0.27997916666666667 0.08324084350721421 0.005549389567147614 1.0254237288135593 0.30555720173920803 1.0 0.11579980372914622 3890.929 2
7.301403409090909 0.24930714285714287 0.096045197740113 0.011299435028248588 1.0 0.0 1.0 0.043243243243243246 1553.107 2
6.776044280442805 0.21487037037037038 0.2867647058823529 0.007352941176470588 1.0625 0.25 1.0 0.05555555555555555 3444.603 2
2.3493333333333335 0.2634930555555556 0.016574585635359115 0.0 0.875 0.3415650255319866 1.0 0.08121827411167512 710.948 2
418.84656435643564 0.2905625 0.049019607843137254 0.00980392156862745 0.9375 0.5737304826019501 1.0 0.13559322033898305 82457.15 2
17.09433333333333 0.3194121212121212 0.0625 0.0673076923076923 0.2142156967893243 0.26051685446039746 0.0 0.07142857142857142 6971.514999999999 0
229.84664673913042 0.2736530612244898 0.13513513513513514 0.02702702702702703 0.23671257305652535 0.26351687586812195 0.0 0.2025862068965517 84570.97700000001 0
13.109035856573705 0.256715 0.14682539682539683 0.03968253968253968 0.42527236209975355 0.13002102049104647 0.6980392634868621 0.034482758620689655 6581.857 0
0.4502079207920792 0.1937375 0.17647058823529413 0.0196078431372549 0.3322876056035359 0.24307612147504132 0.0 0.1282051282051282 96.72399999999999 0
0.6391652173913044 0.20433260869565217 0.08333333333333333 0.013888888888888888 0.26977689204544847 0.1521035098976133 0.0 0.047933884297520664 715.767 0
10.356232258064516 0.20334677419354838 0.22186495176848875 0.0 0.372408989816904 0.2703481458598363 0.0 0.08259587020648967 4629.0689999999995 0
91.88965384615383 0.32334146341463416 0.1509433962264151 0.0 0.13879977076342612 0.279055412416246 0.0 0.38372093023255816 9062.626 0
5.41802479338843 0.24757291666666667 0.23770491803278687 0.0 0.4424836883942287 0.40029531393100565 0.0 0.046875 1295.458 0
1.0945291828793775 0.20870243902439026 0.08914728682170543 0.011627906976744186 0.18996079564094534 0.2348309308791249 0.0 0.08833922261484099 557.694 0
1.7778571428571428 0.233327868852459 0.44871794871794873 0.0 0.20808824803680176 0.2651145631256704 0.0 0.1702127659574468 256.67900000000003 0
29.82303 0.313275 0.10891089108910891 0.019801980198019802 0.25454547323963866 0.19163961144186026 0.0 0.09821428571428571 5955.576999999999 0
7.181271255060729 0.2200632911392405 0.20202020202020202 0.014141414141414142 0.3540196307003497 0.16418551709421217 0.43529415130615207 0.07476635514018691 7064.091 0
56.51412048192771 0.306 0.15476190476190477 0.10714285714285714 0.4426470845937728 0.22422554808297399 0.450980424880981 0.08695652173913043 9378.909 0
228.03867326732674 0.2966 0.22549019607843138 0.00980392156862745 0.25228759770592046 0.3110793696390859 0.0 0.19047619047619047 46067.997 0
325.18154782608696 0.2333695652173913 0.3275862068965517 0.017241379310344827 0.4188948558135466 0.1154143561772231 0.43529415130615207 0.08661417322834646 74636.824 0
9.34986440677966 0.2741808510638298 0.08403361344537816 0.058823529411764705 0.30457517504692067 0.06908344823118831 0.32549020648002597 0.02459016393442623 2184.218 0
0.389448275862069 0.23347826086956522 0.06818181818181818 0.022727272727272728 0.35816995302836097 0.1372735814020239 0.494117677211761 0.03296703296703297 52.06099999999999 0
295.5465165562914 0.2894083333333333 0.09210526315789473 0.046052631578947366 0.3588235502441725 0.11226239912346486 0.45882354676723497 0.0379746835443038 89057.08799999999 0
16.367132075471698 0.21788757396449704 0.07042253521126761 0.018779342723004695 0.2817496393735591 0.10554104842136265 0.30588236451149 0.05752212389380531 6930.362 0
198.68183606557378 0.23050515463917526 0.15447154471544716 0.016260162601626018 0.1555555651585261 0.20852733054946335 0.0 0.10869565217391304 47543.014 1
6.8670419947506565 0.19711184210526317 0.21204188481675393 0.020942408376963352 0.27410414301115876 0.21819611993825455 0.0 0.0705596107055961 2775.446 0
5.821655384615385 0.21712307692307692 0.17484662576687116 0.0736196319018405 0.31874147057533264 0.20273361678289406 0.0 0.11653116531165311 3782.135 2
33.550251908396945 0.16807692307692307 0.3712121212121212 0.0 0.2690196245908736 0.0896230833641717 0.24313727021217302 0.0364963503649635 8783.576000000001 2
4.6386907630522085 0.21976381909547738 0.16042780748663102 0.03342245989304813 0.29704222537703434 0.2412120413563219 0.0 0.07311028500619579 4851.29 0
38.091729064039406 0.2478395061728395 0.18627450980392157 0.0392156862745098 0.2661764891818165 0.22353885923248268 0.0 0.13559322033898305 15470.821 0
0.3299562841530055 0.19335616438356165 0.08695652173913043 0.0 0.397647088766098 0.043633518213649206 0.40000003576278703 0.026455026455026454 94.496 0
390.4871111111111 0.249171875 0.17073170731707318 0.0 0.46078434089819587 0.19385009150195517 0.43529415130615207 0.06818181818181818 63246.795 0
19.466070270270272 0.19487837837837838 0.25268817204301075 0.010752688172043012 0.18491705449727874 0.22217185860373498 0.0 0.12264150943396226 7749.221 0
141.46027631578949 0.19603333333333334 0.16883116883116883 0.012987012987012988 0.27137256860733017 0.18781408376481068 0.19215688109397897 0.06097560975609756 19490.263 1
23.42752551020408 0.17217307692307693 0.14720812182741116 0.01015228426395939 0.5127451308071611 0.12694795130477335 0.43529415130615207 0.03902439024390244 9163.310000000001 0
88.27646666666666 0.21781818181818183 0.15060240963855423 0.006024096385542169 0.354509824514389 0.17883385764375037 0.419607877731323 0.056818181818181816 22302.666 2
173.51302380952382 0.19122619047619047 0.23696682464454977 0.009478672985781991 0.32892158813774575 0.17610841751050907 0.494117677211761 0.0365296803652968 36695.104 2
874.6330361445782 0.22424242424242424 0.09523809523809523 0.023809523809523808 0.5490196496248245 0.16637807731805937 0.666666716337204 0.023255813953488372 72603.239 0
3.0029568345323745 0.21944144144144145 0.10714285714285714 0.07142857142857142 0.35424838463465363 0.08771817694105259 0.294117659330368 0.02097902097902098 817.149 0
75.7138313253012 0.25163636363636366 0.08333333333333333 0.05952380952380952 0.351634015639623 0.11832052261118131 0.40784317255020097 0.034482758620689655 6291.745 0
0.7087592592592593 0.2066046511627907 0.2147239263803681 0.024539877300613498 0.08061002732978928 0.2096134144537115 0.0 0.18090452261306533 222.231 0
216.8578125 0.230796875 0.20987654320987653 0.024691358024691357 0.5725490450859071 0.13310244499570872 0.6666666865348821 0.024096385542168676 33983.095 0
613.4004202898551 0.3054181818181818 0.2 0.014285714285714285 0.26728588028957967 0.28654080750193245 0.0 0.21348314606741572 84648.675 0
4.356763668430335 0.19586975717439295 0.09154929577464789 0.02464788732394366 0.28156864444414775 0.10793935900258528 0.286274522542953 0.025728987993138937 3328.773 0
26.725990099009902 0.21523553719008265 0.2598684210526316 0.01644736842105263 0.3598039411008358 0.2003535844496126 0.31764706969261197 0.0379746835443038 8339.543 0
3.991943359375 0.21555745721271394 0.13840155945419103 0.0 0.28425049060775376 0.1343707166988212 0.0 0.05698529411764706 3113.548 0
15.85062251655629 0.20075 0.046052631578947366 0.039473684210526314 0.3520697388384076 0.20639319658223487 0.43529415130615207 0.055900621118012424 4674.188 0
73.25827118644068 0.28832978723404257 0.20168067226890757 0.058823529411764705 0.475490219891071 0.22147607871034244 0.34117648005485496 0.032520325203252036 10334.299 0
18.504949367088606 0.226 0.175 0.0 0.23790850490331666 0.13604320844646214 0.360784322023392 0.06976744186046512 2655.7520000000004 0
8.597380471380472 0.19962025316455698 0.0436241610738255 0.006711409395973154 0.37385623653729755 0.10553805874640486 0.450980424880981 0.019736842105263157 2717.995 0
55.23750847457627 0.2129255319148936 0.21008403361344538 0.03361344537815126 0.401960805058479 0.1303294984650548 0.30980393290519703 0.01652892561983471 13009.134 0
26.16693448275862 0.22364655172413794 0.10652920962199312 0.037800687285223365 0.3318250534626152 0.10809286594521648 0.294117659330368 0.04276315789473684 8137.641 0
571.8047285714285 0.386875 0.11267605633802817 0.014084507042253521 0.334759380329739 0.196957046180222 0.431372582912445 0.13414634146341464 64218.009999999995 0
491.91435 1.05159375 0.08641975308641975 0.0 0.28366014858086896 0.11858019127015676 0.38431376218795793 0.03571428571428571 42700.038 0
503.37475000000006 0.3736842105263158 0.1095890410958904 0.0 0.3653979459229637 0.1561148657312526 0.43529415130615207 0.18888888888888888 72479.85 0
3.0527742946708463 0.2989862745098039 0.11580594679186229 0.023474178403755867 0.266215529721395 0.22239056814440045 0.0 0.1502659574468085 3888.392 2
184.15876229508197 0.26644329896907215 0.14634146341463414 0.008130081300813009 0.22435501531550747 0.19632916842480536 0.0 0.13380281690140844 44932.058999999994 2
258.1545867768595 0.2285625 0.04918032786885246 0.0 0.392156889041265 0.09877372770993316 0.39607846736908003 0.046875 32348.941000000003 1
12.031008733624454 0.2101584699453552 0.13478260869565217 0.013043478260869565 0.24346406757831565 0.23368110821347116 0.0 0.049586776859504134 4965.476000000001 1
114.36867415730337 0.3215070422535211 0.26666666666666666 0.011111111111111112 0.42058825492858876 0.1490325141133923 0.47450983524322493 0.0425531914893617 19573.042999999998 2
10.38390756302521 0.22148421052631578 0.225 0.05 0.319607858856519 0.17422979242161984 0.490196108818054 0.047619047619047616 1267.0819999999999 2
225.55887735849058 0.22829761904761905 0.102803738317757 0.0 0.31794873796976525 0.18668659884103275 0.0 0.10833333333333334 47748.118 0
616.4653521126761 0.204375 0.2361111111111111 0.013888888888888888 0.331154700782564 0.14095996274291805 0.32156863808631897 0.1111111111111111 43781.718 0
18.76445652173913 0.32517808219178085 0.08602150537634409 0.12903225806451613 0.186928113301595 0.16387903976876084 0.30588236451149 0.03125 1737.646 2
352.58470408163265 0.300525641025641 0.09090909090909091 0.010101010101010102 0.40686276927590376 0.1999478198022299 0.7254902124404911 0.07476635514018691 68882.09599999999 2
520.5141341463415 0.17836923076923078 0.1927710843373494 0.0 0.6843137592077255 0.15805917450582757 0.7960784733295441 0.023529411764705882 78311.265 1
1.8637786056412986 0.20387757817697938 0.17606382978723403 0.013829787234042552 0.29061328297388467 0.20053628582080485 0.0 0.06976744186046512 6976.2080000000005 2
225.54572897196263 0.2635647058823529 0.14814814814814814 0.037037037037037035 0.40000002299036286 0.27187344536598046 0.490196108818054 0.06086956521739131 46759.134999999995 2
6.56800625 0.229671875 0.2546583850931677 0.006211180124223602 0.3912854260868498 0.16928483896297358 0.31372550129890403 0.052941176470588235 1928.757 2
4.24312874251497 0.26970786516853934 0.09850746268656717 0.020895522388059702 0.2830065530207422 0.13592202711791235 0.38039219379425 0.05099150141643059 2597.818 2
21.84582786885246 0.27424742268041236 0.14634146341463414 0.016260162601626018 0.37549022585153574 0.10568246308478546 0.450980424880981 0.031496062992125984 4894.056 0
15.452630630630631 0.1980568181818182 0.125 0.0 0.3764706154664357 0.0274509936571133 0.376470625400543 0.02608695652173913 1729.344 0
2.1020279627163783 0.2072639467110741 0.15036593479707253 0.014637391882900865 0.22487947393636237 0.2124352692656173 0.0 0.03900255754475703 6285.9 0
9.12064375 0.24930859375 0.16510903426791276 0.009345794392523364 0.24198386511381942 0.1240865558167693 0.0 0.05029585798816568 4802.055 0
62.00790090090091 0.21530681818181818 0.15178571428571427 0.017857142857142856 0.3678431570529936 0.13976418473777757 0.345098048448563 0.042735042735042736 6987.386 0
69.4658021978022 0.23416666666666666 0.22826086956521738 0.010869565217391304 0.3189542690912883 0.290575641806591 0.388235315680504 0.031578947368421054 6322.253 0
26.084257575757576 0.2476952380952381 0.12781954887218044 0.06015037593984962 0.3647059003512063 0.11426512550983389 0.337254911661148 0.022058823529411766 6021.717 0
418.7114137931034 0.208 0.2727272727272727 0.0 0.48235296607017525 0.2199751945636135 0.258823543787003 0.053763440860215055 72832.288 0
3.8003181818181817 0.19396590909090908 0.11024643320363164 0.020752269779507133 0.4309368431568146 0.25292936756241136 0.494117677211761 0.011538461538461539 5616.014999999999 0
75.334536 0.20152 0.11155378486055777 0.00796812749003984 0.33856211503346756 0.11928521274574132 0.388235330581665 0.05639097744360902 28701.295 0
1115.359670886076 0.298968253968254 0.2375 0.0 0.3633987208207447 0.12114622952936688 0.223529428243637 0.03614457831325301 113441.326 2
701.6773857142857 0.35282142857142856 0.352112676056338 0.0 0.24561405025030436 0.22120958862946552 0.0 0.2111111111111111 98226.10399999999 0
6.228881578947369 0.2152892561983471 0.0718954248366013 0.05228758169934641 0.2647058993577957 0.1436154718961698 0.494117677211761 0.06134969325153374 1589.001 0
18.738139999999998 0.2063 0.04780876494023904 0.02390438247011952 0.31503269904189646 0.14550817765171312 0.26274511218071 0.03461538461538462 9354.203 2
6.8718765432098765 0.2408395061728395 0.12315270935960591 0.03940886699507389 0.22266668111085886 0.24058386635706921 0.0 0.10964912280701754 5559.127 0
151.83735714285714 0.21008943089430895 0.0967741935483871 0.0064516129032258064 0.32156864660126827 0.09343434731827509 0.274509817361832 0.043209876543209874 46762.141 0
491.09373999999997 0.2252125 0.12871287128712872 0.0 0.35294120013713814 0.0995182645543501 0.490196108818054 0.056074766355140186 91549.071 0
11.453014492753622 0.22338181818181818 0.050359712230215826 0.04316546762589928 0.39686276614665983 0.19358018089599088 0.6784314215183261 0.034722222222222224 3154.0730000000003 0
197.82376829268293 0.37453846153846154 0.1927710843373494 0.04819277108433735 0.07990196580067276 0.11681514841690144 0.0 0.16161616161616163 32439.300000000003 0
52.56246370967742 0.2342878787878788 0.14457831325301204 0.004016064257028112 0.08784314282238485 0.12367365031611077 0.0 0.07434944237918216 26053.45 2
3.0804874074074076 0.20135185185185187 0.1819526627218935 0.013313609467455622 0.14830660345879454 0.14616269590853856 0.0 0.01601164483260553 2988.3650000000002 0
1.435800933125972 0.26902140077821013 0.12111801242236025 0.0015527950310559005 0.137254908680916 0.19410775335883207 0.274509817361832 0.0030959752321981426 924.577 0
11.054939577039274 0.21438636363636362 0.11144578313253012 0.030120481927710843 0.14901961386203752 0.21074555898329514 0.29803922772407504 0.005988023952095809 3660.214 0
8.535986301369864 0.21716095890410958 0.09836065573770492 0.01912568306010929 0.250980406999588 0.0 0.250980406999588 0.0027247956403269754 3115.635 2
253.2366349206349 0.19879 0.11811023622047244 0.0 0.17124184221029268 0.1489335944426538 0.270588256418705 0.023076923076923078 63501.373 1
14.751789719626169 0.2038011695906433 0.26976744186046514 0.0 0.06732026487588884 0.1364889995878004 0.0 0.027149321266968326 3202.3709999999996 0
399.9184144736842 0.3412396694214876 0.1503267973856209 0.0392156862745098 0.0705882385373116 0.0 0.0705882385373116 0.006493506493506494 60787.599 0
358.66507377049186 0.2946494845360825 0.13008130081300814 0.032520325203252036 0.14607843756675726 0.17412751587244715 0.0 0.031496062992125984 43760.901000000005 0
200.32289316239314 0.23344919786096258 0.19574468085106383 0.0 0.07843137532472601 0.11091871469980202 0.15686275064945202 0.008438818565400843 46876.024 0
0.8080635528330781 0.18743199233716476 0.1407804131599082 0.0022953328232593728 0.17189543818434072 0.06933159407894678 0.10196079313755 0.00456968773800457 1931.489 0
2.012951048951049 0.20866228070175438 0.14982578397212543 0.010452961672473868 0.0549019649624825 0.0 0.0549019649624825 0.003472222222222222 575.704 -2
174.46664935064936 0.22769565217391305 0.125 0.017241379310344827 0.10000000894069651 0.14142136888136375 0.20000001788139302 0.008547008547008548 40302.849 2
1.108983606557377 0.22781443298969073 0.17073170731707318 0.016260162601626018 0.0823529437184334 0.0 0.0823529437184334 0.008064516129032258 135.296 0
1.368587145969499 0.2190408719346049 0.17736670293797607 0.0 0.12941177189350134 0.12749622852794856 0.133333340287209 0.0032537960954446853 1830.654 0
4.906663551401869 0.18623391812865497 0.15813953488372093 0.0 0.211764723062515 0.0 0.211764723062515 0.004629629629629629 1050.026 -2
1.6223268403171007 0.1892737825594564 0.15058876811594202 0.004755434782608696 0.11490196660161023 0.06347748349869789 0.0705882385373116 0.0022593764121102574 10995.063 0
9.215524390243903 0.2596326530612245 0.20647773279352227 0.04048582995951417 0.12156863138079599 0.0 0.12156863138079599 0.004032258064516129 2267.019 0
5.462124731182795 0.24098118279569894 0.09227467811158799 0.01072961373390558 0.0980392247438431 0.0 0.0980392247438431 0.0021413276231263384 2539.888 2
7.515454838709677 0.2604274193548387 0.2347266881028939 0.02572347266881029 0.062745101749897 0.0 0.062745101749897 0.003205128205128205 2329.791 0
1.1883663940013633 0.24130080954409885 0.14821124361158433 0.008517887563884156 0.15359478071331992 0.15334120109986688 0.172549024224281 0.002040122407344441 4331.1 0
1.7973271028037383 0.5585176470588236 0.26851851851851855 0.046296296296296294 0.16078432649374 0.0 0.16078432649374 0.009174311926605505 192.314 0
2.368503259452412 0.3151850040749796 0.08534201954397394 0.012377850162866449 0.10627451613545424 0.059457732437156297 0.062745101749897 0.006472491909385114 6813.482 2
36.15402777777778 0.23672916666666666 0.2541436464088398 0.03314917127071823 0.137254908680916 0.0 0.137254908680916 0.005494505494505495 6507.725 0
119.70175834658188 0.2016262425447316 0.06825396825396825 0.026984126984126985 0.23398694396018999 0.013772095588076934 0.247058838605881 0.004739336492890996 150352.497 2
2.696190909090909 0.17695454545454545 0.10810810810810811 0.009009009009009009 0.2588235437870025 0.005545935208154816 0.26274511218071 0.017699115044247787 306.861 -2
1.4055957613814756 0.17567419038272816 0.15058823529411763 0.013333333333333334 0.24705884108940768 0.06455716764054392 0.211764723062515 0.002347417840375587 2027.644 1
2.133182725911133 0.18026092384519352 0.1442115768463074 0.0054890219560878245 0.20470589548349383 0.14009389388461685 0.10196079313755 0.0024888003982080635 6912.564 2
395.72880000000004 0.3447934782608696 0.11206896551724138 0.017241379310344827 0.09068628028035167 0.0775422339164918 0.0 0.06451612903225806 45843.184 0
2.198386873920553 0.18944060475161986 0.1396551724137931 0.005172413793103448 0.0725490227341652 0.024956708436695205 0.0549019649624825 0.003436426116838488 1332.936 0
2.0768461095100865 0.19900792507204612 0.13191244239631336 0.0069124423963133645 0.265882369875908 0.0452597310264196 0.239215701818466 0.002871912693854107 5199.189 0
1.368074074074074 0.474140625 0.23170731707317074 0.012195121951219513 0.5253034886859714 0.20302775378119572 0.494117677211762 0.20388349514563106 192.346 0
49.30258955223881 0.3985233644859813 0.037037037037037035 0.02962962962962963 0.4896078735589982 0.12771680657394413 0.490196108818054 0.12903225806451613 13207.8 1
145.20507142857144 0.41793589743589743 0.030303030303030304 0.010101010101010102 0.4917647361755373 0.20693339586098275 0.494117677211762 0.16806722689075632 28457.27 1
49.2545612244898 0.4871666666666667 0.2222222222222222 0.010101010101010102 0.5274510147670907 0.32460259536037755 0.490196108818054 0.1951219512195122 9655.426 0
5.244460317460318 0.3004204545454545 0.14705882352941177 0.004524886877828055 0.4568960075661289 0.14302630455692875 0.494117677211762 0.11776447105788423 4616.706 -2
2.250638640429338 0.32088590604026845 0.14183551847437426 0.004171632896305125 0.39286049351214114 0.20000345122982757 0.494117677211762 0.18424890617403986 7445.951 0
1.6615706214689265 0.29706382978723406 0.1348314606741573 0.0 0.5031543361104054 0.1099212252255672 0.490196108818054 0.11442786069651742 584.153 -2
0.9373935742971887 0.3607587939698492 0.1270053475935829 0.0066844919786096255 0.43824156520852625 0.15869075220106557 0.494117677211762 0.1734806629834254 1391.9679999999998 0
1.758924721189591 0.30915116279069765 0.17827298050139276 0.002785515320334262 0.31289454530162886 0.23067421386093873 0.0 0.199851411589896 3714.617 0
158.80621176470586 0.315843137254902 0.140625 0.015625 0.45276295055042615 0.14416796897281034 0.490196108818054 0.11418685121107267 80990.058 0
192.05797435897438 0.35585483870967743 0.02531645569620253 0.012658227848101266 0.48862748295068736 0.18132483335177324 0.490196108818054 0.20202020202020202 29959.951 0
2.188608108108108 0.30283050847457627 0.23318385650224216 0.0 0.47437460669155795 0.2083063605567849 0.494117677211762 0.11507936507936507 960.261 -2
59.431284210526314 0.3056842105263158 0.11458333333333333 0.041666666666666664 0.45686277747154236 0.23786720791280414 0.494117677211762 0.09433962264150944 11278.288 1
94.28184210526315 0.3602166666666667 0.05194805194805195 0.0 0.3968627711137136 0.13000628273340809 0.494117677211762 0.16304347826086957 14325.694 -2
1.8083492957746479 0.3445387323943662 0.09831460674157304 0.0028089887640449437 0.44667438403064147 0.15707683569704264 0.494117677211762 0.12530712530712532 1284.2710000000002 1
11.912430555555556 0.40357894736842104 0.2465753424657534 0.0273972602739726 0.47278434157371524 0.25547468767728543 0.490196108818054 0.25510204081632654 1691.9569999999999 -2
64.83472166427546 0.2668294434470377 0.2034383954154728 0.0014326647564469914 0.43020508455411177 0.19818698197841936 0.494117677211762 0.158021712907117 90377.898 -2
0.9105298651252408 0.2625903614457831 0.16153846153846155 0.013461538461538462 0.4273657552573993 0.18934438717636004 0.494117677211762 0.1503267973856209 902.6890000000001 -2
8.36117094017094 0.2672043010752688 0.1016949152542373 0.0 0.43398695687452965 0.053778511030989413 0.431372582912445 0.09230769230769231 1945.687 -2
49.60782716049383 0.310875 0.07317073170731707 0.036585365853658534 0.44736051100950985 0.06815828109757838 0.494117677211762 0.1368421052631579 4048.465 -2
2.42701 0.255575 0.13861386138613863 0.009900990099009901 0.522689108337675 0.2131606782252746 0.4862745404243471 0.06481481481481481 285.99399999999997 -2
415.9278020833333 0.44501315789473683 0.08247422680412371 0.020618556701030927 0.462332330251995 0.17714361332142392 0.494117677211762 0.2814814814814815 79854.88500000001 1
136.30683333333334 0.28446666666666665 0.1986754966887417 0.013245033112582781 0.4153595020373665 0.19803982008205456 0.494117677211762 0.0736196319018405 40885.62300000001 -2
41.33875694444445 0.29566086956521737 0.27586206896551724 0.0 0.49267289199327163 0.19581774958248238 0.490196108818054 0.11585365853658537 11901.237000000001 -2
13.685798449612404 0.27187864077669904 0.13513513513513514 0.0 0.455235740605821 0.2359706691628648 0.490196108818054 0.15359477124183007 7073.914000000001 -2
1.299656038116181 0.27853264604810996 0.19842433125687065 0.002565042139978014 0.4186046770954318 0.1927577485054048 0.494117677211762 0.08637428858386341 14168.252 -2
1.304755223880597 0.32404337686567164 0.1741887355464379 0.0026109660574412533 0.4391938055027798 0.17294839000706846 0.494117677211762 0.16687383467992542 6992.533 -2
1.331114347826087 0.34049021739130436 0.16297262059973924 0.003042155584528466 0.434341314177676 0.1681703511719584 0.494117677211762 0.17792068595927116 6075.595 1
3.0829684210526316 0.4269802631578947 0.27225130890052357 0.005235602094240838 0.5628903756539029 0.2360263918580629 0.494117677211762 0.22040816326530613 1169.171 1
0.505221238938053 0.3021888888888889 0.14035087719298245 0.008771929824561403 0.5130252423030991 0.2406839941558046 0.490196108818054 0.19718309859154928 112.49600000000001 1
26.024841541755887 0.2960455764075067 0.27136752136752135 0.0 0.45628840182766783 0.19812642273694864 0.494117677211762 0.1746031746031746 24301.95 1
2.669114058355438 0.3551094527363184 0.31788079470198677 0.009271523178807948 0.4772185458964909 0.20708052981650021 0.490196108818054 0.11384976525821597 4024.076 1
41.93806875 0.346859375 0.3105590062111801 0.006211180124223602 0.4815686570746559 0.25619017665142696 0.490196108818054 0.17857142857142858 13368.219000000001 1
1.4487637130801687 0.29204761904761906 0.11764705882352941 0.0 0.4878249272357587 0.18255341778295883 0.494117677211762 0.15302491103202848 684.971 1
6.9919 0.40405 0.12624584717607973 0.009966777408637873 0.4568627743344559 0.16666560078969073 0.494117677211762 0.20159151193633953 4185.52 0
1.3295016541353384 0.32118045112781957 0.16746843054720384 0.003307276007215875 0.4321047673355553 0.16496375356839751 0.494117677211762 0.1596766043456291 8819.66 0
1.5603210510419814 0.3326801359516616 0.14341787439613526 0.003321256038647343 0.4279893723375709 0.1638144976907581 0.494117677211762 0.17282717282717283 10331.453 1
574.122088607595 0.2975238095238095 0.0875 0.0 0.49019610881805414 0.14553648083431697 0.490196108818054 0.15789473684210525 62530.808999999994 1
2.435443864229765 0.33241176470588235 0.13541666666666666 0.015625 0.4181019876003266 0.21102478482571413 0.490196108818054 0.2455795677799607 1858.237 1
6.320749999999999 0.32028225806451616 0.12738853503184713 0.012738853503184714 0.45359480097180327 0.21562329742356265 0.490196108818054 0.11797752808988764 1958.801 1
24.449994535519124 0.34558561643835617 0.03814713896457766 0.0 0.41830068117096314 0.16852770614577495 0.494117677211762 0.10268948655256724 17893.41 0
44.02346909090909 0.35730454545454543 0.13768115942028986 0.0 0.44496283911425505 0.1813858507983947 0.494117677211762 0.17365269461077845 24210.197 1
200.19966666666667 0.3789230769230769 0.16417910447761194 0.04477611940298507 0.3700115575509915 0.18246856660932897 0.494117677211762 0.20238095238095238 26380.997 1
30.612491666666667 0.3513645833333333 0.22821576763485477 0.008298755186721992 0.46416356588931806 0.20411400388125486 0.494117677211762 0.16319444444444445 14688.111 1
1.6189493670886075 0.28476190476190477 0.1375 0.0 0.4439215958118438 0.12819392177111882 0.490196108818054 0.15789473684210525 254.262 1
8.677253623188406 0.24188636363636365 0.26714801444043323 0.0036101083032490976 0.45618076168972527 0.21768542855107237 0.494117677211762 0.14241486068111456 4788.489 1
69.33828070175439 0.31242857142857144 0.26956521739130435 0.0 0.4996904338660993 0.07400720263261663 0.490196108818054 0.1417910447761194 8377.143 1
20.860774193548387 0.3981081081081081 0.30851063829787234 0.0 0.23079586204360517 0.2945208473489634 0.0 0.265625 3872.1099999999997 1
108.35368000000001 0.39525 0.19736842105263158 0.0 0.5156863071024418 0.19519128259450755 0.490196108818054 0.09523809523809523 16251.764 1
0.48556716417910445 0.31738317757009343 0.2074074074074074 0.037037037037037035 0.4411764983087779 0.06599430927762193 0.494117677211762 0.10596026490066225 118.904 1
76.45019178082192 0.24755172413793103 0.16216216216216217 0.02702702702702703 0.37476558270661725 0.31297109621526137 0.0 0.23711340206185566 11159.325 1
6.905069124423963 0.25685590778097983 0.25517241379310346 0.0022988505747126436 0.44470590911805635 0.19748871240986113 0.490196108818054 0.1553398058252427 5992.7970000000005 1
2.5916188925081434 0.342935667752443 0.16927083333333334 0.007161458333333333 0.4432885593317384 0.182731878008647 0.494117677211762 0.1799252536038441 7951.896000000001 1
1.2821170627882228 0.3480341463414634 0.17446808510638298 0.00425531914893617 0.4020993430774822 0.1976359284370641 0.494117677211762 0.20697412823397077 7155.341 -2
337.92621428571425 0.42073076923076924 0.1414141414141414 0.0 0.45678434133529683 0.14365615765903128 0.494117677211762 0.20161290322580644 66232.219 1
291.5499943820225 0.3219753521126761 0.0896358543417367 0.008403361344537815 0.4673797081817281 0.22876443151592693 0.49803924560546897 0.029891304347826088 201345.601 1
1.2017086288416077 0.3264345898004435 0.15475487300649735 0.0 0.47158106633379504 0.19074959034614522 0.49803924560546897 0.044582392776523705 3938.0950000000003 1
