259.8081639344262 0.45709278350515464 0.21138211382113822 0.008130081300813009 0.10837790234522389 0.03654736755865652 0.113725498318672 0.08208955223880597 63390.031 2
44.077461538461534 0.15688709677419355 0.43037974683544306 0.0 0.10901961624622335 0.04172372309470974 0.109803929924965 0.05952380952380952 5150.196 0
118.949625 0.2053125 0.2716049382716049 0.0 0.12222222735484466 0.049630184473269945 0.16078431904316 0.06896551724137931 19029.932 0
0.5630029154518951 0.18768613138686133 0.34593023255813954 0.0029069767441860465 0.10449827572002132 0.0909911830387582 0.0588235333561897 0.04709141274238227 368.209 0
0.6968055555555556 0.24913953488372093 0.2018348623853211 0.01834862385321101 0.0944444493701061 0.04571639476632033 0.0549019649624825 0.09917355371900827 126.556 2
112.723081300813 0.28605102040816327 0.33064516129032256 0.0 0.07320261870821317 0.045451868562008266 0.0431372560560703 0.023622047244094488 14878.795 -2
11.48992 0.2813333333333333 0.10596026490066225 0.0 0.08027682124691853 0.04477973248162213 0.0588235333561897 0.10119047619047619 3444.5969999999998 0
538.5513333333333 0.4489166666666667 0.039473684210526314 0.0 0.056209154013130404 0.028950635468421883 0.0588235333561897 0.10588235294117647 80757.178 0
37.76991452991453 0.21125806451612902 0.17796610169491525 0.00847457627118644 0.06862745465089876 0.06764737074321689 0.0 0.16901408450704225 7492.214 2
7.3705173913043485 0.24394565217391304 0.09090909090909091 0.004329004329004329 0.09594771762688953 0.06395656137598077 0.0588235333561897 0.06097560975609756 3350.794 0
360.3606701030928 0.314012987012987 0.1326530612244898 0.02040816326530612 0.06732026549677059 0.04219795462272456 0.0 0.10909090909090909 48432.636 1
6.791514705882353 0.29678527607361965 0.14634146341463414 0.03414634146341464 0.07529412239789969 0.030940655880096847 0.0549019649624825 0.10869565217391304 2761.513 0
17.633830845771143 0.2470373831775701 0.15632754342431762 0.01240694789081886 0.10449083425825642 0.06274141024883292 0.0549019649624825 0.07142857142857142 14162.131000000001 0
192.01382222222222 0.2753055555555556 0.11029411764705882 0.014705882352941176 0.07616099597592098 0.05792068329183084 0.062745101749897 0.12258064516129032 51461.675 2
127.68578899082569 0.23839080459770115 0.42727272727272725 0.02727272727272727 0.12287582208712892 0.051181103608195076 0.0745098069310188 0.02654867256637168 17637.647 1
37.76567901234568 0.3149375 0.3170731707317073 0.0 0.16313726082444205 0.19844842691266468 0.0431372560560703 0.05747126436781609 5981.0380000000005 -2
348.63315584415585 0.2940327868852459 0.1282051282051282 0.05128205128205128 0.09705883078277093 0.06019107862780947 0.18039216846227601 0.04878048780487805 49067.096000000005 2
21.00671779141104 0.2562615384615385 0.20121951219512196 0.042682926829268296 0.07656396286828175 0.05610200018617159 0.0 0.11351351351351352 6839.143 2
450.3274392523365 0.2807647058823529 0.09259259259259259 0.037037037037037035 0.07679739004621908 0.04882194413545254 0.0509803965687752 0.1 96356.709 -2
149.0747448979592 0.23461538461538461 0.16161616161616163 0.010101010101010102 0.06274510174989703 0.020377067109771826 0.0509803965687752 0.029411764705882353 21307.261 0
207.0717857142857 0.3177051282051282 0.20202020202020202 0.010101010101010102 0.07282913635884007 0.027808793390623657 0.0509803965687752 0.0660377358490566 40582.475 -2
379.43154054054054 0.37633898305084745 0.10666666666666667 0.013333333333333334 0.09131653394017894 0.04079903803374862 0.0980392247438431 0.08536585365853659 39899.647 0
507.30284 0.27784 0.10317460317460317 0.007936507936507936 0.07058824008951578 0.048607899109946485 0.0 0.08695652173913043 103884.028 2
2.641105263157895 0.26326666666666665 0.06493506493506493 0.05194805194805195 0.11176471039652831 0.09935586892620447 0.176470592617989 0.07228915662650602 219.26299999999998 2
2.785252941176471 0.22919117647058823 0.12280701754385964 0.011695906432748537 0.08912656456232075 0.050731012905704476 0.0549019649624825 0.11398963730569948 549.019 0
319.7768157894737 0.2573166666666667 0.025974025974025976 0.0 0.10098039731383328 0.036560436645154 0.0784313753247261 0.04938271604938271 25535.702 0
468.53960689655173 0.3268706896551724 0.14383561643835616 0.0547945205479452 0.09339143570374567 0.06580075854126088 0.0588235333561897 0.15606936416184972 135873.15000000002 2
1.5330138504155124 0.25362847222222223 0.16574585635359115 0.06077348066298342 0.08267091073699902 0.05932522882658186 0.0509803965687752 0.09273182957393483 1061.1399999999999 0
726.9722777777778 0.22291666666666668 0.0989010989010989 0.0 0.05359477549791337 0.004528237135504819 0.0509803965687752 0.031914893617021274 112357.19 -2
129.85346666666666 0.4157 0.17105263157894737 0.0 0.07930283620953557 0.04478913094294837 0.11764706671237898 0.10588235294117647 19462.592 0
126.85275555555555 0.35258333333333336 0.0989010989010989 0.04395604395604396 0.06554622309548516 0.019439050298387762 0.0509803965687752 0.07142857142857142 17883.470999999998 0
1.0295096153846153 0.26720481927710843 0.17142857142857143 0.009523809523809525 0.07215686701238157 0.05027535324026188 0.0588235333561897 0.16 211.93900000000002 0
546.6255421686747 0.21331818181818182 0.09523809523809523 0.0 0.10588235833815181 0.03507557680364426 0.0862745121121407 0.07692307692307693 74714.66 0
566.3184823529413 0.36169117647058824 0.18604651162790697 0.03488372093023256 0.08156863152980806 0.04591195182466857 0.0980392247438431 0.10416666666666667 96273.899 0
26.651817204301075 0.40702702702702703 0.031914893617021274 0.0851063829787234 0.0692810490727425 0.015848829974266964 0.0666666701436043 0.030927835051546393 3802.103 0
67.29393865030674 0.40097692307692306 0.12195121951219512 0.03048780487804878 0.1140271557065157 0.06781898550355263 0.062745101749897 0.07344632768361582 21945.378 0
248.46630120481927 0.2751969696969697 0.047619047619047616 0.011904761904761904 0.10980392917990683 0.07599146566559184 0.0392156876623631 0.056179775280898875 40853.593 0
26.506270833333332 0.2583304347826087 0.2620689655172414 0.006896551724137931 0.0856711970498928 0.03144787547637952 0.10196079313755 0.08227848101265822 7627.753 0
28.00737755102041 0.23501282051282052 0.16161616161616163 0.020202020202020204 0.11871658333323225 0.06828690784933271 0.125490203499794 0.1 5486.478999999999 0
4.903897610921502 0.27013675213675215 0.23809523809523808 0.02040816326530612 0.09878618731385184 0.0585958907161644 0.0549019649624825 0.06666666666666667 2217.532 0
1234.7990985915494 0.3429285714285714 0.041666666666666664 0.0 0.08954248825709026 0.0360518138223314 0.0745098069310188 0.14285714285714285 175338.044 -2
10.805731182795698 0.24351351351351352 0.13903743315508021 0.0213903743315508 0.0936819223894014 0.042347697005585466 0.0549019649624825 0.04591836734693878 4007.3050000000003 2
0.6811933333333333 0.16703333333333334 0.4304635761589404 0.0 0.10952381523592132 0.06472122850621063 0.0666666701436043 0.08484848484848485 168.83100000000002 0
2.2657368421052633 0.2295 0.2857142857142857 0.0 0.15620916088422132 0.08246180716652098 0.10196079313755 0.07228915662650602 291.924 0
61.50783006535947 0.2681639344262295 0.12337662337662338 0.012987012987012988 0.08092692121863364 0.04917693342812965 0.0588235333561897 0.06666666666666667 18011.691 1
89.619225 0.213578125 0.19753086419753085 0.012345679012345678 0.061960788071155556 0.018267943536796016 0.0509803965687752 0.05813953488372093 7197.08 1
194.79361538461538 0.22779032258064516 0.17721518987341772 0.0 0.07058823977907501 0.06585434135286615 0.0509803965687752 0.13186813186813187 30385.796000000002 2
9.511549889135255 0.23805833333333334 0.19469026548672566 0.004424778761061947 0.08440710107485452 0.06057218713017205 0.0 0.12233009708737864 8576.149 0
78.50735135135136 0.2215945945945946 0.15591397849462366 0.021505376344086023 0.08653595273693404 0.06914914932747383 0.0431372560560703 0.07462686567164178 29044.417 0
101.48245555555556 0.33605555555555555 0.06593406593406594 0.07692307692307693 0.058039219677448295 0.015784008312139438 0.0509803965687752 0.052083333333333336 9205.863 0
87.465125 0.22803125 0.19753086419753085 0.0 0.10065359969933829 0.0527940008186551 0.125490203499794 0.15625 13966.951000000001 0
28.71988429752066 0.20879166666666665 0.32786885245901637 0.0 0.09044118179008373 0.05685542196923801 0.0588235333561897 0.11594202898550725 6942.224 0
443.3785106382979 0.37554666666666664 0.37894736842105264 0.031578947368421054 0.08104575673739105 0.052769029428571854 0.0588235333561897 0.0594059405940594 83210.159 0
15.094097826086955 0.22352054794520548 0.21505376344086022 0.0 0.09075630775519786 0.03604350366009843 0.133333340287209 0.07 1421.847 0
152.78419587628866 0.3977402597402597 0.23469387755102042 0.030612244897959183 0.09444445030142862 0.0735648604452724 0.0509803965687752 0.10909090909090909 29630.803999999996 0
39.955056818181816 0.22187142857142858 0.20224719101123595 0.0449438202247191 0.08347339236310555 0.05699620694629069 0.062745101749897 0.07291666666666667 7024.888 0
7.130571776155718 0.2751829268292683 0.08737864077669903 0.043689320388349516 0.0744164374080442 0.048638313206317306 0.0509803965687752 0.09251101321585903 4443.748 2
539.5305324675325 0.2408360655737705 0.16666666666666666 0.01282051282051282 0.0732026199499765 0.026111093207312266 0.0666666701436043 0.037037037037037035 42041.518000000004 0
12.167729999999999 0.2242375 0.06930693069306931 0.009900990099009901 0.10032680382331219 0.06370606585345358 0.0470588281750679 0.10619469026548672 1253.899 0
42.56692857142857 0.2378507462686567 0.35294117647058826 0.011764705882352941 0.10313725993037215 0.07593072639679158 0.0 0.10526315789473684 3776.6659999999997 -2
185.02771604938272 0.232765625 0.08536585365853659 0.024390243902439025 0.09568627849221228 0.0773255400910085 0.0509803965687752 0.05747126436781609 27657.757 -2
97.48994736842106 0.34417105263157893 0.09375 0.0 0.07494553840822644 0.019651369204180986 0.0745098069310188 0.08571428571428572 18510.491 0
6.977044025157233 0.26084251968503935 0.13125 0.025 0.07657379225680701 0.033515292554705055 0.062745101749897 0.10614525139664804 1266.78 -2
13.931640718562873 0.22586466165413535 0.09523809523809523 0.011904761904761904 0.07987616524884583 0.049745572155699413 0.0470588281750679 0.10160427807486631 4640.312 0
1112.5118051948052 0.29337704918032786 0.10256410256410256 0.0 0.07111111581325529 0.04807188805481072 0.0509803965687752 0.16129032258064516 171324.804 0
65.51794186046511 0.238 0.13793103448275862 0.011494252873563218 0.08758170530200009 0.0354824327131488 0.0470588281750679 0.06451612903225806 8380.786 1
3.7513452631578947 0.26411052631578946 0.19747899159663865 0.008403361344537815 0.07090620454904194 0.03246173614138026 0.0549019649624825 0.07212475633528265 3554.3419999999996 0
316.0979266055046 0.24214942528735633 0.045454545454545456 0.0 0.09411765228618281 0.05149066065925844 0.0470588281750679 0.09090909090909091 36202.56 -2
64.60772151898733 0.30873015873015874 0.1625 0.025 0.06928105155626947 0.031939327130990416 0.105882361531258 0.03614457831325301 10186.672 2
265.0129746835443 0.2648015873015873 0.11949685534591195 0.0440251572327044 0.07401961227878928 0.04677200385403656 0.0745098069310188 0.09142857142857143 83735.098 2
351.52001190476193 0.27234328358208953 0.18823529411764706 0.011764705882352941 0.05994398146867753 0.010304671401720025 0.0509803965687752 0.07608695652173914 49796.922999999995 1
865.4324714285715 0.41230357142857144 0.014084507042253521 0.028169014084507043 0.07094474610957237 0.05381142723242128 0.0 0.13414634146341464 68229.785 2
92.87747706422017 0.216 0.2909090909090909 0.0 0.09960784837603567 0.04775090268369545 0.0549019649624825 0.08333333333333333 10198.667000000001 0
0.8898805970149254 0.38033962264150944 0.08823529411764706 0.014705882352941176 0.5041394647624761 0.26753108847079693 0.494117677211762 0.20930232558139536 111.565 2
6.918961693548387 0.22328535353535353 0.2515090543259557 0.002012072434607646 0.47703084163367776 0.19630643871862616 0.494117677211762 0.1839080459770115 6863.795 0
11.691974137931036 0.24643478260869564 0.23931623931623933 0.0 0.43557425481932527 0.16917352309775865 0.494117677211762 0.10687022900763359 2644.866 2
453.767 0.5347704918032787 0.0641025641025641 0.038461538461538464 0.44431375265121487 0.15613174850206898 0.494117677211762 0.11363636363636363 69868.187 2
46.27346153846153 0.2934193548387097 0.12658227848101267 0.012658227848101266 0.5433006870249911 0.3426421756607724 0.494117677211762 0.23300970873786409 7219.3099999999995 0
19.96651948051948 0.3085245901639344 0.2564102564102564 0.0 0.5461210919463119 0.22133337192818636 0.494117677211762 0.22772277227722773 3075.943 0
9.429821705426358 0.20453398058252428 0.11538461538461539 0.007692307692307693 0.45280114774193103 0.1850661752001257 0.494117677211762 0.17721518987341772 2422.906 0
57.50661029411764 0.23725 0.145985401459854 0.029197080291970802 0.43697481708867225 0.134182568544639 0.494117677211762 0.1696969696969697 15598.914 0
13.847434210526316 0.24565384615384617 0.2314410480349345 0.021834061135371178 0.5074800606127142 0.1674138591286418 0.494117677211762 0.10546875 4633.814 2
15.222654684269127 0.256677303906949 0.15880715705765408 0.009542743538767396 0.48430763874558086 0.19057043237010685 0.494117677211762 0.18661060802069857 382818.505 0
11.558042253521126 0.24678571428571427 0.027777777777777776 0.0 0.4556022685553349 0.1915826123320174 0.494117677211762 0.28 1537.657 2
52.18512328767123 0.2526896551724138 0.12162162162162163 0.0 0.48156865835189844 0.08720154379406392 0.494117677211762 0.16853932584269662 7620.4130000000005 0
54.030373626373624 0.23283333333333334 0.09782608695652174 0.0 0.5893887325244793 0.19327787785844952 0.494117677211762 0.1559633027522936 9788.534 2
26.067693181818182 0.2032857142857143 0.0898876404494382 0.0449438202247191 0.1872887200322646 0.24382225226172413 0.0 0.2457627118644068 4587.254999999999 0
6.108764705882353 0.2517142857142857 0.16548042704626334 0.023131672597864767 0.5033043155239691 0.13079339686894548 0.494117677211762 0.16119402985074627 6850.688 0
12.469622448979592 0.2413846153846154 0.020202020202020204 0.04040404040404041 0.48021393337033047 0.16585667701768467 0.494117677211762 0.18181818181818182 2375.432 0
1.8829844720496896 0.21031517509727626 0.15789473684210525 0.0 0.4662800618040732 0.23042884956522264 0.494117677211762 0.1802030456852792 1211.4160000000002 1
474.8580853658537 0.5595384615384615 0.08433734939759036 0.024096385542168676 0.43686277270317087 0.16617195639154111 0.494117677211762 0.15306122448979592 76082.923 0
11.87281180811808 0.39905092592592595 0.0625 0.011029411764705883 0.4499108999064475 0.12289861805545736 0.490196108818054 0.10819672131147541 6417.363 0
89.97721978021978 0.41325 0.10869565217391304 0.010869565217391304 0.44957986048289705 0.07743877866880941 0.490196108818054 0.1320754716981132 16374.132 1
12.021404494382022 0.3655774647887324 0.06343283582089553 0.0037313432835820895 0.36309114098548895 0.16600248617938396 0.494117677211762 0.05964912280701754 6410.771000000001 0
326.02085365853657 0.4462857142857143 0.06451612903225806 0.0 0.3552287792166075 0.14347952483891338 0.490196108818054 0.08823529411764706 80194.65100000001 0
15.480468571428572 0.41849285714285717 0.022727272727272728 0.005681818181818182 0.4335116093808956 0.1013175777200318 0.494117677211762 0.1111111111111111 3560.062 0
46.48479894179894 0.3556754966887417 0.22105263157894736 0.031578947368421054 0.41911767423152935 0.0870773751950165 0.494117677211762 0.07766990291262135 17565.29 0
98.81092253521128 0.40816814159292036 0.03496503496503497 0.027972027972027972 0.45728294338498804 0.09632689108229044 0.494117677211762 0.16374269005847952 28058.010000000002 0
500.74388764044943 0.4431408450704225 0.03333333333333333 0.0 0.4044117890298366 0.14634842851274227 0.223529428243637 0.08163265306122448 89129.94399999999 0
49.41174683544304 0.3848095238095238 0.0125 0.0 0.47215689420700097 0.04694430230510286 0.494117677211762 0.058823529411764705 7801.004999999999 0
9.735454022988506 0.3765935251798561 0.1318051575931232 0.0057306590257879654 0.4217584056238975 0.11623042613706056 0.494117677211762 0.08157894736842106 6752.532 0
1201.1213207547169 0.3985238095238095 0.0 0.018691588785046728 0.4309804141521456 0.11067890559515858 0.494117677211762 0.08547008547008547 127357.669 0
19.597676691729323 0.4042264150943396 0.05223880597014925 0.014925373134328358 0.3858220416765947 0.15598232998536685 0.490196108818054 0.08843537414965986 5164.463 1
238.42294505494507 0.41152777777777777 0.06521739130434782 0.010869565217391304 0.4010695462877101 0.12503706665925346 0.490196108818054 0.10679611650485436 43388.82 0
0.8052623762376238 0.3854347826086957 0.11822660098522167 0.0 0.3927378566176803 0.07231591671604984 0.490196108818054 0.11739130434782609 324.946 0
2.145040191961608 0.37407426856714177 0.10671462829736211 0.005995203836930456 0.41572939317960006 0.12699576329010712 0.490196108818054 0.09837837837837837 6461.224 0
240.1833076923077 0.3494457831325301 0.009523809523809525 0.009523809523809525 0.44771244376897823 0.20903258484040657 0.490196108818054 0.10256410256410256 49941.704 -2
1292.7004210526316 0.41535164835164834 0.12173913043478261 0.034782608695652174 0.4762923636219719 0.21013435920493403 0.274509817361832 0.0873015873015873 294592.088 0
1.0306390532544378 0.4365037037037037 0.17058823529411765 0.01764705882352941 0.4788235574960709 0.1604587889285229 0.494117677211762 0.10526315789473684 336.37199999999996 0
56.21817037037037 0.39861111111111114 0.022058823529411766 0.0 0.40127188450581325 0.14502164109705934 0.494117677211762 0.2138728323699422 15177.039 1
1.5402266401590456 0.367636815920398 0.07738095238095238 0.005952380952380952 0.3334393408652898 0.1866167128791107 0.490196108818054 0.12802768166089964 1536.862 0
5.574507853403142 0.34842763157894735 0.1875 0.0 0.4235294371843337 0.12086417530372745 0.490196108818054 0.09433962264150944 1948.479 0
0.7487058823529412 0.4323526315789474 0.07531380753138076 0.0 0.43273660087067145 0.16443238645101732 0.42745101451873796 0.08778625954198473 320.342 0
66.89970731707317 0.3271219512195122 0.3058252427184466 0.0 0.38947370962092764 0.16387931709987602 0.494117677211762 0.08444444444444445 27419.309 0
109.50690506329114 0.4057222222222222 0.031446540880503145 0.0 0.4110726915738162 0.1290863148014734 0.490196108818054 0.09659090909090909 34597.294 0
1582.11898 0.644875 0.0392156862745098 0.0 0.12799333257878084 0.21114087260565417 0.0 0.47959183673469385 164521.398 0
4.654357933579336 0.4142962962962963 0.051470588235294115 0.011029411764705883 0.42414218094199896 0.09147193561434255 0.494117677211762 0.10526315789473684 2504.852 0
15.032082278481013 0.43893650793650796 0.08176100628930817 0.025157232704402517 0.378921588882804 0.13515765472489663 0.494117677211762 0.09142857142857143 2530.845 0
203.71217117117115 0.39319209039548025 0.04035874439461883 0.008968609865470852 0.4503994468185637 0.0665930228867496 0.490196108818054 0.108 90441.762 0
6.153103092783505 0.3497662337662338 0.22448979591836735 0.030612244897959183 0.45826333335467756 0.04868795992901478 0.494117677211762 0.06666666666666667 1188.339 0
8.382558620689656 0.4626551724137931 0.0410958904109589 0.0 0.4339869543910026 0.06755895796056058 0.490196108818054 0.0759493670886076 2390.466 0
0.8663959731543625 0.3826134453781513 0.05333333333333334 0.013333333333333334 0.37956658476277405 0.09805298220161403 0.494117677211762 0.11242603550295859 249.63 0
420.69862962962964 0.3880625 0.14634146341463414 0.0 0.441568648815155 0.2948435639048355 0.4862745404243471 0.05747126436781609 34091.973 0
1.129835294117647 0.3749558823529412 0.09302325581395349 0.011627906976744186 0.4352941446834139 0.07926033284612538 0.490196108818054 0.09473684210526316 189.18099999999998 0
181.16621739130434 0.3780821917808219 0.0 0.021505376344086023 0.4705882668495178 0.03815560431222303 0.490196108818054 0.07 33326.317 0
407.3118765432099 0.354390625 0.10975609756097561 0.036585365853658534 0.4284313991665841 0.09362030788665253 0.490196108818054 0.08888888888888889 33043.103 0
8.386743295019157 0.4760576923076923 0.11068702290076336 0.022900763358778626 0.4341321973888964 0.12303314862278746 0.494117677211762 0.09342560553633218 4219.799 0
9.263165048543689 0.4185748987854251 0.09032258064516129 0.0064516129032258064 0.42998849074630174 0.09607726137016225 0.490196108818054 0.09883720930232558 3105.706 0
0.9772465753424657 0.37532758620689655 0.08163265306122448 0.02040816326530612 0.4445213640437407 0.1725988322505383 0.490196108818054 0.10365853658536585 262.839 0
37.24861061946903 0.3789 0.048458149779735685 0.013215859030837005 0.45398695568243674 0.18171805318872422 0.494117677211762 0.11673151750972763 16832.36 0
55.07501834862386 0.4351149425287356 0.05454545454545454 0.0 0.40962569551034417 0.2032217665513128 0.372549027204514 0.09090909090909091 6061.847 0
25.835575539568346 0.36292792792792794 0.04285714285714286 0.0 0.3794117905199529 0.16591196226325777 0.494117677211762 0.05405405405405406 7162.1849999999995 0
8.521813953488373 0.3256176470588235 0.1839080459770115 0.0 0.4250980615615846 0.1758944860746012 0.215686291456223 0.05434782608695652 1459.324 0
11.919302325581395 0.3571165048543689 0.06923076923076923 0.015384615384615385 0.4857516646385193 0.07301863868756663 0.490196108818054 0.10344827586206896 3065.492 0
47.78057692307692 0.3458709677419355 0.0759493670886076 0.02531645569620253 0.4488413848660209 0.22529311604933236 0.490196108818054 0.12222222222222222 7449.962 0
1.5563376623376624 0.31701639344262295 0.15384615384615385 0.01282051282051282 0.429901983588934 0.22843348929164378 0.490196108818054 0.09302325581395349 233.339 0
11.523020325203252 0.44766326530612244 0.05263157894736842 0.04048582995951417 0.4217966538529065 0.12719231115654014 0.494117677211762 0.1482758620689655 5637.679 0
37.6755 0.4228857142857143 0.07865168539325842 0.033707865168539325 0.40452491320096534 0.19566524129755383 0.31372550129890403 0.12745098039215685 6594.527 0
33.11253086419753 0.45834375 0.17073170731707318 0.012195121951219513 0.3980392391482989 0.2232290060042706 0.490196108818054 0.1276595744680851 5362.851 0
208.55242342342342 0.46390909090909094 0.08928571428571429 0.017857142857142856 0.4849673509597778 0.21677789315704074 0.490196108818054 0.0967741935483871 46267.744999999995 0
14.262511111111111 0.37219444444444444 0.1206896551724138 0.0 0.42213510142432314 0.15443567704026762 0.490196108818054 0.09977827050997783 11513.514 -2
0.6821794871794872 0.37506451612903224 0.02531645569620253 0.0 0.45686277002096176 0.06930571608157915 0.490196108818054 0.04819277108433735 62.4 0
0.9930840336134453 0.38173684210526315 0.058333333333333334 0.0 0.42064593206433704 0.18068980951099425 0.494117677211762 0.22077922077922077 231.53300000000002 0
703.4428108108108 0.39366101694915256 0.17333333333333334 0.0 0.42564105529051544 0.16936013912803086 0.490196108818054 0.14772727272727273 60642.39199999999 0
0.8784496268656716 0.3965023364485981 0.1191806331471136 0.0260707635009311 0.42970887910236016 0.1376552090400008 0.490196108818054 0.10945273631840796 935.904 0
17.09433333333333 0.3194121212121212 0.0625 0.0673076923076923 0.2142156967893243 0.26051685446039746 0.0 0.07142857142857142 6971.514999999999 0
229.84664673913042 0.2736530612244898 0.13513513513513514 0.02702702702702703 0.23671257305652535 0.26351687586812195 0.0 0.2025862068965517 84570.97700000001 0
13.109035856573705 0.256715 0.14682539682539683 0.03968253968253968 0.42527236209975355 0.13002102049104647 0.6980392634868621 0.034482758620689655 6581.857 0
0.4502079207920792 0.1937375 0.17647058823529413 0.0196078431372549 0.3322876056035359 0.24307612147504132 0.0 0.1282051282051282 96.72399999999999 0
0.6391652173913044 0.20433260869565217 0.08333333333333333 0.013888888888888888 0.26977689204544847 0.1521035098976133 0.0 0.047933884297520664 715.767 0
10.356232258064516 0.20334677419354838 0.22186495176848875 0.0 0.372408989816904 0.2703481458598363 0.0 0.08259587020648967 4629.0689999999995 0
91.88965384615383 0.32334146341463416 0.1509433962264151 0.0 0.13879977076342612 0.279055412416246 0.0 0.38372093023255816 9062.626 0
5.41802479338843 0.24757291666666667 0.23770491803278687 0.0 0.4424836883942287 0.40029531393100565 0.0 0.046875 1295.458 0
1.0945291828793775 0.20870243902439026 0.08914728682170543 0.011627906976744186 0.18996079564094534 0.2348309308791249 0.0 0.08833922261484099 557.694 0
1.7778571428571428 0.233327868852459 0.44871794871794873 0.0 0.20808824803680176 0.2651145631256704 0.0 0.1702127659574468 256.67900000000003 0
29.82303 0.313275 0.10891089108910891 0.019801980198019802 0.25454547323963866 0.19163961144186026 0.0 0.09821428571428571 5955.576999999999 0
7.181271255060729 0.2200632911392405 0.20202020202020202 0.014141414141414142 0.3540196307003497 0.16418551709421217 0.43529415130615207 0.07476635514018691 7064.091 0
56.51412048192771 0.306 0.15476190476190477 0.10714285714285714 0.4426470845937728 0.22422554808297399 0.450980424880981 0.08695652173913043 9378.909 0
228.03867326732674 0.2966 0.22549019607843138 0.00980392156862745 0.25228759770592046 0.3110793696390859 0.0 0.19047619047619047 46067.997 0
325.18154782608696 0.2333695652173913 0.3275862068965517 0.017241379310344827 0.4188948558135466 0.1154143561772231 0.43529415130615207 0.08661417322834646 74636.824 0
9.34986440677966 0.2741808510638298 0.08403361344537816 0.058823529411764705 0.30457517504692067 0.06908344823118831 0.32549020648002597 0.02459016393442623 2184.218 0
0.389448275862069 0.23347826086956522 0.06818181818181818 0.022727272727272728 0.35816995302836097 0.1372735814020239 0.494117677211761 0.03296703296703297 52.06099999999999 0
295.5465165562914 0.2894083333333333 0.09210526315789473 0.046052631578947366 0.3588235502441725 0.11226239912346486 0.45882354676723497 0.0379746835443038 89057.08799999999 0
16.367132075471698 0.21788757396449704 0.07042253521126761 0.018779342723004695 0.2817496393735591 0.10554104842136265 0.30588236451149 0.05752212389380531 6930.362 0
198.68183606557378 0.23050515463917526 0.15447154471544716 0.016260162601626018 0.1555555651585261 0.20852733054946335 0.0 0.10869565217391304 47543.014 1
6.8670419947506565 0.19711184210526317 0.21204188481675393 0.020942408376963352 0.27410414301115876 0.21819611993825455 0.0 0.0705596107055961 2775.446 0
5.821655384615385 0.21712307692307692 0.17484662576687116 0.0736196319018405 0.31874147057533264 0.20273361678289406 0.0 0.11653116531165311 3782.135 2
33.550251908396945 0.16807692307692307 0.3712121212121212 0.0 0.2690196245908736 0.0896230833641717 0.24313727021217302 0.0364963503649635 8783.576000000001 2
4.6386907630522085 0.21976381909547738 0.16042780748663102 0.03342245989304813 0.29704222537703434 0.2412120413563219 0.0 0.07311028500619579 4851.29 0
38.091729064039406 0.2478395061728395 0.18627450980392157 0.0392156862745098 0.2661764891818165 0.22353885923248268 0.0 0.13559322033898305 15470.821 0
0.3299562841530055 0.19335616438356165 0.08695652173913043 0.0 0.397647088766098 0.043633518213649206 0.40000003576278703 0.026455026455026454 94.496 0
390.4871111111111 0.249171875 0.17073170731707318 0.0 0.46078434089819587 0.19385009150195517 0.43529415130615207 0.06818181818181818 63246.795 0
19.466070270270272 0.19487837837837838 0.25268817204301075 0.010752688172043012 0.18491705449727874 0.22217185860373498 0.0 0.12264150943396226 7749.221 0
141.46027631578949 0.19603333333333334 0.16883116883116883 0.012987012987012988 0.27137256860733017 0.18781408376481068 0.19215688109397897 0.06097560975609756 19490.263 1
23.42752551020408 0.17217307692307693 0.14720812182741116 0.01015228426395939 0.5127451308071611 0.12694795130477335 0.43529415130615207 0.03902439024390244 9163.310000000001 0
88.27646666666666 0.21781818181818183 0.15060240963855423 0.006024096385542169 0.354509824514389 0.17883385764375037 0.419607877731323 0.056818181818181816 22302.666 2
173.51302380952382 0.19122619047619047 0.23696682464454977 0.009478672985781991 0.32892158813774575 0.17610841751050907 0.494117677211761 0.0365296803652968 36695.104 2
874.6330361445782 0.22424242424242424 0.09523809523809523 0.023809523809523808 0.5490196496248245 0.16637807731805937 0.666666716337204 0.023255813953488372 72603.239 0
3.0029568345323745 0.21944144144144145 0.10714285714285714 0.07142857142857142 0.35424838463465363 0.08771817694105259 0.294117659330368 0.02097902097902098 817.149 0
75.7138313253012 0.25163636363636366 0.08333333333333333 0.05952380952380952 0.351634015639623 0.11832052261118131 0.40784317255020097 0.034482758620689655 6291.745 0
0.7087592592592593 0.2066046511627907 0.2147239263803681 0.024539877300613498 0.08061002732978928 0.2096134144537115 0.0 0.18090452261306533 222.231 0
216.8578125 0.230796875 0.20987654320987653 0.024691358024691357 0.5725490450859071 0.13310244499570872 0.6666666865348821 0.024096385542168676 33983.095 0
613.4004202898551 0.3054181818181818 0.2 0.014285714285714285 0.26728588028957967 0.28654080750193245 0.0 0.21348314606741572 84648.675 0
4.356763668430335 0.19586975717439295 0.09154929577464789 0.02464788732394366 0.28156864444414775 0.10793935900258528 0.286274522542953 0.025728987993138937 3328.773 0
26.725990099009902 0.21523553719008265 0.2598684210526316 0.01644736842105263 0.3598039411008358 0.2003535844496126 0.31764706969261197 0.0379746835443038 8339.543 0
3.991943359375 0.21555745721271394 0.13840155945419103 0.0 0.28425049060775376 0.1343707166988212 0.0 0.05698529411764706 3113.548 0
15.85062251655629 0.20075 0.046052631578947366 0.039473684210526314 0.3520697388384076 0.20639319658223487 0.43529415130615207 0.055900621118012424 4674.188 0
73.25827118644068 0.28832978723404257 0.20168067226890757 0.058823529411764705 0.475490219891071 0.22147607871034244 0.34117648005485496 0.032520325203252036 10334.299 0
18.504949367088606 0.226 0.175 0.0 0.23790850490331666 0.13604320844646214 0.360784322023392 0.06976744186046512 2655.7520000000004 0
8.597380471380472 0.19962025316455698 0.0436241610738255 0.006711409395973154 0.37385623653729755 0.10553805874640486 0.450980424880981 0.019736842105263157 2717.995 0
55.23750847457627 0.2129255319148936 0.21008403361344538 0.03361344537815126 0.401960805058479 0.1303294984650548 0.30980393290519703 0.01652892561983471 13009.134 0
26.16693448275862 0.22364655172413794 0.10652920962199312 0.037800687285223365 0.3318250534626152 0.10809286594521648 0.294117659330368 0.04276315789473684 8137.641 0
571.8047285714285 0.386875 0.11267605633802817 0.014084507042253521 0.334759380329739 0.196957046180222 0.431372582912445 0.13414634146341464 64218.009999999995 0
491.91435 1.05159375 0.08641975308641975 0.0 0.28366014858086896 0.11858019127015676 0.38431376218795793 0.03571428571428571 42700.038 0
503.37475000000006 0.3736842105263158 0.1095890410958904 0.0 0.3653979459229637 0.1561148657312526 0.43529415130615207 0.18888888888888888 72479.85 0
3.0527742946708463 0.2989862745098039 0.11580594679186229 0.023474178403755867 0.266215529721395 0.22239056814440045 0.0 0.1502659574468085 3888.392 2
184.15876229508197 0.26644329896907215 0.14634146341463414 0.008130081300813009 0.22435501531550747 0.19632916842480536 0.0 0.13380281690140844 44932.058999999994 2
258.1545867768595 0.2285625 0.04918032786885246 0.0 0.392156889041265 0.09877372770993316 0.39607846736908003 0.046875 32348.941000000003 1
12.031008733624454 0.2101584699453552 0.13478260869565217 0.013043478260869565 0.24346406757831565 0.23368110821347116 0.0 0.049586776859504134 4965.476000000001 1
114.36867415730337 0.3215070422535211 0.26666666666666666 0.011111111111111112 0.42058825492858876 0.1490325141133923 0.47450983524322493 0.0425531914893617 19573.042999999998 2
10.38390756302521 0.22148421052631578 0.225 0.05 0.319607858856519 0.17422979242161984 0.490196108818054 0.047619047619047616 1267.0819999999999 2
225.55887735849058 0.22829761904761905 0.102803738317757 0.0 0.31794873796976525 0.18668659884103275 0.0 0.10833333333333334 47748.118 0
616.4653521126761 0.204375 0.2361111111111111 0.013888888888888888 0.331154700782564 0.14095996274291805 0.32156863808631897 0.1111111111111111 43781.718 0
18.76445652173913 0.32517808219178085 0.08602150537634409 0.12903225806451613 0.186928113301595 0.16387903976876084 0.30588236451149 0.03125 1737.646 2
352.58470408163265 0.300525641025641 0.09090909090909091 0.010101010101010102 0.40686276927590376 0.1999478198022299 0.7254902124404911 0.07476635514018691 68882.09599999999 2
520.5141341463415 0.17836923076923078 0.1927710843373494 0.0 0.6843137592077255 0.15805917450582757 0.7960784733295441 0.023529411764705882 78311.265 1
1.8637786056412986 0.20387757817697938 0.17606382978723403 0.013829787234042552 0.29061328297388467 0.20053628582080485 0.0 0.06976744186046512 6976.2080000000005 2
225.54572897196263 0.2635647058823529 0.14814814814814814 0.037037037037037035 0.40000002299036286 0.27187344536598046 0.490196108818054 0.06086956521739131 46759.134999999995 2
6.56800625 0.229671875 0.2546583850931677 0.006211180124223602 0.3912854260868498 0.16928483896297358 0.31372550129890403 0.052941176470588235 1928.757 2
4.24312874251497 0.26970786516853934 0.09850746268656717 0.020895522388059702 0.2830065530207422 0.13592202711791235 0.38039219379425 0.05099150141643059 2597.818 2
21.84582786885246 0.27424742268041236 0.14634146341463414 0.016260162601626018 0.37549022585153574 0.10568246308478546 0.450980424880981 0.031496062992125984 4894.056 0
15.452630630630631 0.1980568181818182 0.125 0.0 0.3764706154664357 0.0274509936571133 0.376470625400543 0.02608695652173913 1729.344 0
2.1020279627163783 0.2072639467110741 0.15036593479707253 0.014637391882900865 0.22487947393636237 0.2124352692656173 0.0 0.03900255754475703 6285.9 0
9.12064375 0.24930859375 0.16510903426791276 0.009345794392523364 0.24198386511381942 0.1240865558167693 0.0 0.05029585798816568 4802.055 0
62.00790090090091 0.21530681818181818 0.15178571428571427 0.017857142857142856 0.3678431570529936 0.13976418473777757 0.345098048448563 0.042735042735042736 6987.386 0
69.4658021978022 0.23416666666666666 0.22826086956521738 0.010869565217391304 0.3189542690912883 0.290575641806591 0.388235315680504 0.031578947368421054 6322.253 0
26.084257575757576 0.2476952380952381 0.12781954887218044 0.06015037593984962 0.3647059003512063 0.11426512550983389 0.337254911661148 0.022058823529411766 6021.717 0
418.7114137931034 0.208 0.2727272727272727 0.0 0.48235296607017525 0.2199751945636135 0.258823543787003 0.053763440860215055 72832.288 0
3.8003181818181817 0.19396590909090908 0.11024643320363164 0.020752269779507133 0.4309368431568146 0.25292936756241136 0.494117677211761 0.011538461538461539 5616.014999999999 0
75.334536 0.20152 0.11155378486055777 0.00796812749003984 0.33856211503346756 0.11928521274574132 0.388235330581665 0.05639097744360902 28701.295 0
1115.359670886076 0.298968253968254 0.2375 0.0 0.3633987208207447 0.12114622952936688 0.223529428243637 0.03614457831325301 113441.326 2
701.6773857142857 0.35282142857142856 0.352112676056338 0.0 0.24561405025030436 0.22120958862946552 0.0 0.2111111111111111 98226.10399999999 0
6.228881578947369 0.2152892561983471 0.0718954248366013 0.05228758169934641 0.2647058993577957 0.1436154718961698 0.494117677211761 0.06134969325153374 1589.001 0
18.738139999999998 0.2063 0.04780876494023904 0.02390438247011952 0.31503269904189646 0.14550817765171312 0.26274511218071 0.03461538461538462 9354.203 2
6.8718765432098765 0.2408395061728395 0.12315270935960591 0.03940886699507389 0.22266668111085886 0.24058386635706921 0.0 0.10964912280701754 5559.127 0
151.83735714285714 0.21008943089430895 0.0967741935483871 0.0064516129032258064 0.32156864660126827 0.09343434731827509 0.274509817361832 0.043209876543209874 46762.141 0
491.09373999999997 0.2252125 0.12871287128712872 0.0 0.35294120013713814 0.0995182645543501 0.490196108818054 0.056074766355140186 91549.071 0
11.453014492753622 0.22338181818181818 0.050359712230215826 0.04316546762589928 0.39686276614665983 0.19358018089599088 0.6784314215183261 0.034722222222222224 3154.0730000000003 0
2572.7089 4.8835 0.09090909090909091 0.0 0.07287222986201665 0.029957557327765026 0.0901960805058479 0.8921568627450981 51456.426 0
1122.2595882352941 2.1646153846153844 0.16666666666666666 0.0 0.0795985105048333 0.03312370039378116 0.0666666701436043 0.8235294117647058 38254.236000000004 0
990.7194657534246 1.4018620689655172 0.12162162162162163 0.013513513513513514 0.08636788530127396 0.03520795975930364 0.0901960805058479 0.7730061349693251 144645.436 0
1926.29288 1.511 0.11538461538461539 0.038461538461538464 0.07197012539420809 0.035751938576471236 0.0666666701436043 0.8015267175572519 96330.73300000001 0
10.648950000000001 3.803 0.0 0.0 0.08917197995599667 0.026107869795425086 0.0823529437184334 0.8820224719101124 998.464 0
365.1577857142857 12.98618181818182 0.06666666666666667 0.0 0.07383367566969887 0.03348504232434197 0.0705882385373116 0.8854961832061069 10236.818 0
832.0045833333334 3.2096315789473686 0.12 0.0 0.07287094308369196 0.03349302602085145 0.0745098069310188 0.7282608695652174 39936.646 0
425.07563636363636 1.620941176470588 0.08695652173913043 0.0 0.07666667085140944 0.03720797782963874 0.0 0.7766990291262136 18705.726000000002 0
33.7814 0.804875 0.6666666666666666 0.0 0.08316032796659886 0.04225592519281168 0.0 0.7640449438202247 6149.429 0
1038.5349166666667 4.385 0.15384615384615385 0.0 0.058873172943727896 0.04930332943631643 0.0 0.8586956521739131 25914.48 0
1075.049177777778 0.10325 0.8695652173913043 0.0 0.06923888283230926 0.037272823845580595 0.0 0.6690647482014388 106614.816 0
22048.187625 5407.711666666667 0.3333333333333333 0.0 0.08171701542026286 0.0273242710190151 0.0705882385373116 0.891566265060241 352805.956 2
8.235929487179487 1.2051612903225806 0.10191082802547771 0.0 0.07511020331939523 0.02847504258720041 0.0784313753247261 0.7667161961367014 2575.249 0
1905.4334000000001 1.679875 0.09803921568627451 0.0 0.07577129190305729 0.03320263553761967 0.0745098069310188 0.7371134020618557 190550.34100000001 0
1518.755476923077 1.7296538461538462 0.15151515151515152 0.0 0.07680770997938358 0.03214758812934111 0.0745098069310188 0.811965811965812 199318.849 0
20.607714285714284 4.276363636363636 0.3333333333333333 0.0 0.06495726848833072 0.04505800987302323 0.0 0.8387096774193549 33074.109000000004 0
644.8423333333334 11.22488888888889 0.07692307692307693 0.0 0.09019608380539074 0.032769415873892226 0.11764706671237898 0.8433734939759037 22756.02 0
462.4425454545455 3.12075 0.3333333333333333 0.0 0.06289402239873441 0.04928712849783268 0.0 0.8681318681318682 10608.755000000001 0
9773.965866666667 306.05224999999996 0.125 0.0625 0.08047501149941498 0.025056507741900623 0.0745098069310188 0.8160919540229885 294332.824 0
3959.6839444444445 5.492642857142857 0.21052631578947367 0.0 0.07531264914185042 0.0445660435697224 0.0 0.8698630136986302 142550.6 2
161.08406666666667 1.7390833333333333 0.0625 0.0 0.07804275290654585 0.03863005001060399 0.0 0.8740157480314961 4858.111 2
23.366429530201344 1.9794873949579832 0.03333333333333333 0.02 0.0814802432419485 0.029725419852622382 0.0588235333561897 0.8237367802585194 6964.043 0
9835.149428571429 268.2539090909091 0.0 0.0 0.08266667157411578 0.036082738930395916 0.062745101749897 0.8695652173913043 275706.417 0
11.819166666666666 3.9266842105263158 0.12 0.0 0.08244576404345105 0.03487917086047856 0.0745098069310188 0.8711340206185567 570.732 0
1203.0496153846154 7.2615 0.07142857142857142 0.0 0.0800795726802038 0.037169494849496686 0.0705882385373116 0.9078947368421053 36151.45 0
90.54205357142857 1.4139772727272728 0.03508771929824561 0.0 0.07440523314807149 0.025240972485147777 0.0823529437184334 0.7978723404255319 10143.420999999998 0
21.821527272727273 2.1942954545454545 0.0 0.0 0.07631680566598387 0.024205471616313548 0.0705882385373116 0.8453038674033149 2400.531 0
19.11981679389313 1.1091442307692307 0.1590909090909091 0.0 0.08222001145388615 0.028961887671335465 0.0901960805058479 0.7814569536423841 5012.581 0
3.609603305785124 1.3204270833333334 0.07377049180327869 0.0 0.08006793733568877 0.029646371536086142 0.0823529437184334 0.8063492063492064 878.553 2
4.63707073954984 1.1337444668008048 0.12841091492776885 0.0016051364365971107 0.07818445000873962 0.030124226732783928 0.0823529437184334 0.7748464040477051 5770.377 0
50.18482857142857 1.7658928571428572 0.05555555555555555 0.0 0.08560437353068516 0.03411342275445195 0.0666666701436043 0.8144329896907216 3517.577 0
2590.963818181818 2.7242941176470588 0.0 0.0 0.08120915500654112 0.029305249571066557 0.0941176563501358 0.7578947368421053 114005.803 0
10.844561475409837 1.3178769230769232 0.17142857142857143 0.0 0.07783205175568336 0.027363634224711164 0.0784313753247261 0.7723048327137546 5325.862 0
192.78990322580646 2.14 0.25 0.03125 0.0769958027438926 0.04193700888537548 0.0 0.7777777777777778 11960.445 0
3.180742857142857 1.7632142857142856 0.0 0.0 0.08148749627429865 0.026288283114522394 0.0784313753247261 0.8011049723756906 78485.026 0
625.8021818181818 2.701 0.0 0.0 0.08455882840789851 0.03271420182471065 0.0745098069310188 0.8695652173913043 13781.246 0
962.8593846153847 2.8251 0.07407407407407407 0.0 0.08652842956052409 0.03192958592905215 0.0941176563501358 0.8373493975903614 50070.319 0
9593.2219 39.9715 0.0 0.0 0.08797386131352851 0.04212618968343334 0.0549019649624825 0.8910891089108911 192005.922 0
536.9357777777777 1.6554285714285715 0.07142857142857142 0.0 0.07787115300386588 0.043381346566858915 0.0 0.8518518518518519 28995.165 0
29.326210526315787 4.565733333333333 0.0 0.0 0.08393533348122183 0.03046902883955308 0.0784313753247261 0.8507462686567164 1115.3319999999999 0
155.91555844155846 1.6047049180327868 0.07692307692307693 0.0 0.07669234812437069 0.034142381861162224 0.0 0.8115942028985508 24013.3 0
5.414615384615384 1.6278387096774194 0.05 0.05 0.07174164180041236 0.02437651099514642 0.0705882385373116 0.7727272727272727 422.222 0
137.36304166666667 2.352315789473684 0.12 0.0 0.07440592563211522 0.035511163775379995 0.0705882385373116 0.8579545454545454 6597.4490000000005 0
113.28258823529413 1.4042307692307692 0.0 0.05555555555555555 0.07742584663896988 0.02530785199117473 0.0941176563501358 0.8125 3854.36 0
71.78768181818181 2.4197058823529414 0.17391304347826086 0.0 0.08172448915548816 0.032471264699500194 0.0784313753247261 0.8715083798882681 3162.651 0
10.911423076923077 2.9457 0.14814814814814814 0.037037037037037035 0.07113863508168018 0.03447093981002783 0.0980392247438431 0.6785714285714286 29508.891 0
49.71007929515419 1.493243093922652 0.07894736842105263 0.008771929824561403 0.08331468380026787 0.03257702173879827 0.0705882385373116 0.8057921635434412 22584.044 0
721.0654090909092 1.200764705882353 0.0 0.0 0.0771684990722244 0.03031903283347506 0.0980392247438431 0.7195121951219512 31729.698 0
1277.6775 1.2879 0.0 0.0 0.08737530650799732 0.03073364332922768 0.121568635106087 0.6785714285714286 66436.82999999999 0
9.317782608695651 2.253222222222222 0.125 0.0 0.10571332526361123 0.04486024408787894 0.0862745121121407 0.8285714285714286 553.521 0
279.27277586206895 1.5558913043478262 0.0847457627118644 0.01694915254237288 0.07168627835810186 0.03493906409077493 0.0 0.7722007722007722 32398.131999999998 0
8.086113636363637 1.1957428571428572 0.044444444444444446 0.0 0.07595606010856358 0.02404391556445476 0.0784313753247261 0.7580645161290323 713.012 2
36.662029411764706 1.7692592592592593 0.07246376811594203 0.0 0.08348083069168889 0.03187217324182599 0.0862745121121407 0.7661016949152543 7657.118 0
22.80521 1.8014375 0.15841584158415842 0.0 0.07590957492505525 0.03205926554385665 0.0745098069310188 0.7775330396475771 4563.411 0
347.32032258064515 1.6112916666666666 0.1875 0.03125 0.08493544234008323 0.030951162959872953 0.0901960805058479 0.7935483870967742 21534.088 0
9.241642441860465 1.3756545454545455 0.0927536231884058 0.008695652173913044 0.08024691827535245 0.03229720904516092 0.0823529437184334 0.782608695652174 6358.677 0
6.06139175257732 1.1374415584415585 0.061224489795918366 0.0 0.07942573499051254 0.02766815687540709 0.0901960805058479 0.7817371937639198 1175.844 0
3346.2003 132.269875 0.09090909090909091 0.0 0.08020915483434997 0.037310887386177216 0.0862745121121407 0.872093023255814 69272.958 0
363.7096481481482 1.737563953488372 0.07834101382488479 0.0 0.08595350163007996 0.03138827436974606 0.0705882385373116 0.8064228367528992 226830.70500000002 0
10.972993788819876 1.1196381322957198 0.15170278637770898 0.009287925696594427 0.08632442572916096 0.034480854621721714 0.0784313753247261 0.7730147575544624 7070.282999999999 1
40.70081481481481 1.2545625 0.0975609756097561 0.0 0.08470163660926545 0.04363937264149765 0.0 0.8181818181818182 6608.907 0
16.65241489361702 1.4560933333333332 0.24210526315789474 0.0 0.09037733275224182 0.04350643787135826 0.0 0.8336252189141856 3133.9449999999997 0
324.69287804878047 1.1048307692307693 0.18072289156626506 0.0 0.07692981010032852 0.0398050279715733 0.0 0.7642045454545454 64632.511 0
24.861306569343064 1.2139357798165138 0.050724637681159424 0.0 0.07384876940815216 0.035724011685445305 0.0 0.7608318890814558 6818.615 1
49.86833333333333 1.6106521739130435 0.045454545454545456 0.011363636363636364 0.08678946851028337 0.032289753293382024 0.0823529437184334 0.7714285714285715 8679.221000000001 0
4.684857142857143 2.1886 0.125 0.0 0.07700115819187726 0.03602748564624651 0.0666666701436043 0.9139784946236559 1092.22 0
96.75359615384615 1.2083658536585367 0.05660377358490566 0.0 0.08670757192135586 0.027406010658791998 0.0980392247438431 0.7546296296296297 10082.706 0
58.936625 1.61624 0.12121212121212122 0.0 0.07287582143520314 0.03970557133221854 0.0 0.7843137254901961 12739.909 0
7.912709090909091 1.4887727272727274 0.05357142857142857 0.0 0.08108061494098767 0.03199371657089033 0.0901960805058479 0.800711743772242 1153.067 0
11.661272727272728 1.4607714285714286 0.06666666666666667 0.022222222222222223 0.08265460551931308 0.03039837214662937 0.0941176563501358 0.7428571428571429 1026.847 1
655.8341538461539 3.26945 0.1111111111111111 0.0 0.08671846630860049 0.03065147587170251 0.0980392247438431 0.7969924812030075 34105.774 0
34.03796774193548 1.6724864864864866 0.10638297872340426 0.02127659574468085 0.08428843004568931 0.035706630591340514 0.0588235333561897 0.7673267326732673 6331.716 1
8.52775 2.1849375 0.38095238095238093 0.0 0.049729549743492016 0.04565276543216101 0.0 0.8467153284671532 367.68899999999996 1
2.8973235294117647 1.4932962962962963 0.08571428571428572 0.0 0.08457120677286928 0.03766090396862203 0.0784313753247261 0.7388059701492538 213.188 0
17.403246268656716 1.3702056074766356 0.05925925925925926 0.007407407407407408 0.08256831809503264 0.03108718794568539 0.0823529437184334 0.763986013986014 4668.293 0
10.540919282511211 1.7393314606741572 0.022321428571428572 0.017857142857142856 0.0847585472190186 0.031468522279781044 0.0823529437184334 0.8144159072079536 4703.016 0
15.54590243902439 2.9181875 0.0 0.0 0.07216039977900618 0.027783981326662353 0.0588235333561897 0.8409090909090909 3597.062 0
37.26754736842105 1.4201754385964913 0.045454545454545456 0.013986013986013986 0.08030833236337082 0.026704985071905957 0.0862745121121407 0.770281124497992 21241.273999999998 0
5.079132530120482 1.4295454545454545 0.011904761904761904 0.0 0.08102564581311666 0.02502771256006591 0.0549019649624825 0.7946210268948656 877.976 0
3.4955696202531645 1.535952380952381 0.0125 0.0125 0.07783858180623647 0.027509889379165525 0.0784313753247261 0.7633136094674556 550.617 0
2.6711764705882355 1.8244615384615384 0.1111111111111111 0.0 0.08042057851950324 0.02439417616000961 0.10196079313755 0.7931034482758621 93.608 0
141.42556470588235 1.4674117647058824 0.12790697674418605 0.0 0.09340959151827352 0.0385494202649655 0.0784313753247261 0.833976833976834 24043.447 0
18.80757627118644 1.8799574468085107 0.08403361344537816 0.0 0.08470588730071947 0.032614700622664014 0.0901960805058479 0.8538083538083538 4817.6759999999995 0
11.045576923076922 1.0 0.12658227848101267 0.012658227848101266 0.07828812336880868 0.02686091194292101 0.0823529437184334 0.7348993288590604 1725.503 0
3.9640400000000002 1.91925 0.038461538461538464 0.0 0.08500577202614616 0.033588694299160254 0.0901960805058479 0.8395061728395061 1737.0569999999998 0
493.2792 1.7117499999999999 0.06451612903225806 0.0 0.0740091824996556 0.03404852054977088 0.0 0.8197674418604651 29600.572 0
6.832134090909091 1.2368011363636364 0.049886621315192746 0.0 0.08365679864166037 0.037859995764926505 0.0 0.7803784860557769 6012.534 0
278.40997872340427 1.6371891891891892 0.08333333333333333 0.020833333333333332 0.0823529461377311 0.03392904860989378 0.0901960805058479 0.7837837837837838 31831.93 0
18.826746987951807 2.3163333333333336 0.023809523809523808 0.011904761904761904 0.08227624053768541 0.02903374041024916 0.0666666701436043 0.8296146044624746 3126.647 0
18.615119047619046 1.2192537313432836 0.03529411764705882 0.0 0.07992133480074923 0.027624230997259046 0.0745098069310188 0.7946859903381642 3127.59 0
