857.7917361111112 1.1494736842105264 0.0684931506849315 0.0136986301369863 1.0 0.0 1.0 0.09876543209876543 122646.69399999999 2
772.9700531914893 0.41957333333333335 0.10526315789473684 0.010526315789473684 1.0 0.0 1.0 0.05 72690.766 0
1213.2622714285715 2.3538214285714285 0.04225352112676056 0.0 1.0 0.0 1.0 0.14457831325301204 169812.83299999998 0
16.60265671641791 0.5291125 0.0891089108910891 0.07425742574257425 0.8181818181818182 0.40451991747794525 1.0 0.051643192488262914 6320.984 0
128.71747101449276 0.38113636363636366 0.09352517985611511 0.04316546762589928 0.5333333333333333 0.5163977794943222 1.0 0.09740259740259741 34853.714 2
18.058440217391304 0.46934013605442176 0.21621621621621623 0.016216216216216217 1.25 0.5 1.0 0.021164021164021163 3662.1780000000003 0
114.621 1.4461875 0.0975609756097561 0.0 1.0 0.0 1.0 0.05747126436781609 11656.169 2
235.54238095238097 0.453955223880597 0.14792899408284024 0.0 1.0 0.0 1.0 0.07650273224043716 79003.84 1
1182.8916315789475 0.4415 0.24675324675324675 0.012987012987012988 1.0 0.6324555320336759 1.0 0.07228915662650602 176820.762 0
399.39476699029126 0.6968780487804878 0.028846153846153848 0.057692307692307696 1.0 0.0 1.0 0.045871559633027525 48237.813 0
314.80395918367344 0.3028888888888889 0.17567567567567569 0.006756756756756757 0.9090909090909091 0.30151134457776363 1.0 0.06918238993710692 91633.477 2
13.644902912621358 0.2660365853658537 0.20192307692307693 0.0 1.1666666666666667 0.408248290463863 1.0 0.05454545454545454 2797.395 0
497.9930649350649 0.5358688524590164 0.0 0.01282051282051282 1.0 0.0 1.0 0.037037037037037035 69994.75200000001 0
523.7340243902439 0.46995384615384617 0.13253012048192772 0.012048192771084338 1.0 0.0 1.0 0.04597701149425287 54176.102 0
93.68345384615384 0.4140673076923077 0.11450381679389313 0.04580152671755725 0.9583333333333334 0.4643056214875365 1.0 0.15483870967741936 24284.828999999998 2
89.2067435897436 0.24731182795698925 0.1694915254237288 0.0 1.0 0.0 1.0 0.04065040650406504 20797.368000000002 0
90.15365822784811 0.37173015873015874 0.0875 0.0125 1.0 0.0 1.0 0.08045977011494253 7174.578 0
394.13332506887053 0.39201034482758623 0.15384615384615385 0.057692307692307696 0.9583333333333334 0.20194093652345885 1.0 0.11650485436893204 191674.401 0
1179.7315274725274 0.61725 0.06521739130434782 0.0 1.0 0.0 1.0 0.05154639175257732 124074.525 0
14.03733628318584 0.3513888888888889 0.05263157894736842 0.0 0.16503269039094456 0.08449626261712757 0.18823531270027202 0.17391304347826086 3173.215 1
7.84293137254902 0.3631604938271605 0.10679611650485436 0.009708737864077669 0.19291102198454058 0.0758559066773238 0.180392161011696 0.20155038759689922 1592.286 0
262.7886642857143 0.37592857142857145 0.1702127659574468 0.0 0.19607844135978014 0.08358362753371013 0.176470592617989 0.23783783783783785 73420.607 2
1.1544390243902438 0.3996769230769231 0.13253012048192772 0.024096385542168676 0.18119659102880054 0.05155019981811786 0.18431372940540303 0.319672131147541 189.125 0
68.55391999999999 0.38963333333333333 0.27631578947368424 0.02631578947368421 0.18649238513575667 0.07211630733092027 0.180392161011696 0.2621359223300971 10282.849999999999 0
117.12105952380952 0.4524179104477612 0.023529411764705882 0.047058823529411764 0.17745099067687994 0.04261576490495251 0.19215688109397897 0.19047619047619047 19673.186 0
3432.45525 0.3892982456140351 0.2054794520547945 0.0 0.17588962780104753 0.10711922095539804 0.0 0.27 247220.40899999999 0
1.3028666666666666 0.5328055555555555 0.06521739130434782 0.0 0.1959695124791728 0.08502526667977987 0.20000001788139302 0.43902439024390244 122.565 0
983.5133152173913 0.5135342465753424 0.10752688172043011 0.010752688172043012 0.19030304266647868 0.07662352117398392 0.19215688109397897 0.3716216216216216 180967.07400000002 1
0.4038 0.26151315789473684 0.020833333333333332 0.0 0.2065359639624756 0.12038796560132121 0.203921586275101 0.1111111111111111 62.507 2
0.4913924050632911 0.32336507936507936 0.0 0.0 0.1766666784882547 0.04277879406417015 0.19215688109397897 0.2 76.245 2
0.8229701492537314 0.4323207547169811 0.23529411764705882 0.0 0.20172167805636804 0.09303730529804267 0.19215688109397897 0.3761467889908257 110.122 0
0.6307894736842106 0.32955 0.14285714285714285 0.0 0.20144480309988327 0.0470626516229708 0.18823531270027202 0.19791666666666666 93.862 0
500.32138983050845 0.5029148936170212 0.016666666666666666 0.0 0.19661320339549682 0.07159051790718234 0.18823531270027202 0.2682926829268293 59024.297 -2
4.663857142857143 0.40775 0.19718309859154928 0.0 0.18935575549091616 0.009658482947948877 0.19607844948768602 0.16470588235294117 648.947 -2
508.74795505617976 0.591112676056338 0.1111111111111111 0.0 0.21340924597555597 0.12424535886067756 0.18431372940540303 0.256198347107438 90560.855 1
89.53388172043012 0.488972972972973 0.02127659574468085 0.0 0.21427016705274587 0.08859201518480089 0.18823531270027202 0.27692307692307694 16642.405 0
0.565375 0.3532571428571429 0.11235955056179775 0.0 0.17864924917618438 0.10438276057001666 0.19607844948768602 0.16822429906542055 97.767 0
166.3454683908046 0.44021223021582734 0.2349570200573066 0.0 0.19492901579059413 0.07384188410597828 0.180392161011696 0.24946236559139784 115775.635 2
456.8988529411765 0.4246111111111111 0.2028985507246377 0.0 0.1814088699994264 0.08709736015292022 0.180392161011696 0.28125 62129.379 0
456.83995454545453 0.47044285714285716 0.1348314606741573 0.0 0.18360072306611327 0.09380306221255005 0.180392161011696 0.1981981981981982 80388.942 0
310.2572883435583 0.6341307692307693 0.13414634146341464 0.036585365853658534 0.19290147514282913 0.06340489540227659 0.180392161011696 0.32510288065843623 50941.978 0
368.663140625 0.6787254901960784 0.06153846153846154 0.03076923076923077 0.22067737647078264 0.0914273329030317 0.176470592617989 0.25287356321839083 23924.391 0
166.90959523809522 0.3184776119402985 0.0 0.0 0.2126361785663499 0.0903369472260465 0.18431372940540303 0.17475728155339806 28040.209000000003 0
114.68417857142857 0.8277954545454546 0.14035087719298245 0.03508771929824561 0.1998431515693665 0.06606301694755144 0.18823531270027202 0.3048780487804878 12848.662 0
1106.3274132231404 0.40828125 0.12295081967213115 0.00819672131147541 0.20224090612360415 0.07944464849946087 0.180392161011696 0.18666666666666668 267709.071 0
1200.4593734939758 0.5615 0.08333333333333333 0.011904761904761904 0.19738563256604336 0.07132872633003676 0.180392161011696 0.2 199275.036 0
321.3026111111111 0.9408771929824562 0.0273972602739726 0.0410958904109589 0.20217866036627047 0.06091419112890589 0.18823531270027202 0.10975609756097561 43490.073000000004 0
1633.7064255319149 0.3024133333333333 0.22105263157894736 0.0 0.18692811465624612 0.089986262309655 0.18431372940540303 0.2578125 306487.726 2
68.926125 0.4765277777777778 0.08759124087591241 0.014598540145985401 0.20253750155953812 0.05139240518408451 0.18823531270027202 0.11038961038961038 18742.34 2
1.3410877192982456 0.6427777777777778 0.13793103448275862 0.0 0.17520185253199416 0.04937573417928116 0.180392161011696 0.3695652173913043 154.593 0
2.725808917197452 0.3999243027888446 0.12698412698412698 0.0 0.17512900872450138 0.05689223016634014 0.180392161011696 0.19437340153452684 1687.368 0
37.12333962264151 0.8432857142857143 0.05555555555555555 0.0 0.18697028102413316 0.05770960485624008 0.176470592617989 0.36470588235294116 3922.52 0
25.323065217391303 0.599027397260274 0.07526881720430108 0.0 0.17653488722003877 0.09740315062235363 0.180392161011696 0.3961038961038961 17752.9 0
390.1973015873016 0.67014 0.0 0.0 0.2086749984459444 0.06604931992621323 0.19607844948768602 0.3402061855670103 49164.66 0
800.9349545454546 0.6387692307692308 0.19402985074626866 0.04477611940298507 0.1682709543542429 0.05495408191142321 0.18823531270027202 0.24719101123595505 105723.94 -2
44.31120886075949 0.5135079365079365 0.018867924528301886 0.012578616352201259 0.20865451004998442 0.05679392814018947 0.19215688109397897 0.15425531914893617 13999.458 -2
3.9225398633257402 0.4261310541310541 0.07727272727272727 0.015909090909090907 0.19514194942677204 0.06068446873533734 0.18431372940540303 0.23344947735191637 3219.228 0
0.712214953271028 0.5026235294117647 0.009259259259259259 0.0 0.21045752863089245 0.05430345994028015 0.18431372940540303 0.07692307692307693 123.63799999999999 -2
240.57292118226601 0.6526481481481482 0.08333333333333333 0.04411764705882353 0.21083592427404307 0.07801924230911596 0.180392161011696 0.15702479338842976 97665.465 1
851.2969142857143 0.6324821428571429 0.09859154929577464 0.028169014084507043 0.19950981624424463 0.0498286255313055 0.18431372940540303 0.1839080459770115 119176.637 0
89.00858666666667 1.0140666666666667 0.11842105263157894 0.02631578947368421 0.18477509740520942 0.009184595545239864 0.18823531270027202 0.1827956989247312 12950.17 0
648.941375 0.5571176470588235 0.0 0.046153846153846156 0.17712419562869622 0.04473804853402006 0.18823531270027202 0.21686746987951808 83064.61 0
2111.6321864406777 0.3683297872340426 0.03361344537815126 0.0 0.19164536958155434 0.006509028606301716 0.18823531270027202 0.1619718309859155 497980.106 2
306.04715999999996 0.33754 0.1349206349206349 0.0 0.19215687312956525 0.05741545725134488 0.18823531270027202 0.1870967741935484 38320.083 2
1260.672646153846 0.8531346153846154 0.07575757575757576 0.07575757575757576 0.19921569645404832 0.09175269996282956 0.180392161011696 0.27472527472527475 163880.66700000002 0
388.3175034965035 0.486359649122807 0.09722222222222222 0.020833333333333332 0.17276689437804402 0.06162719247074803 0.180392161011696 0.2727272727272727 111058.783 0
17.99626168224299 0.39015204678362575 0.17674418604651163 0.004651162790697674 0.19549313476726202 0.08388150747994351 0.18823531270027202 0.2375886524822695 7697.251 2
14.03733628318584 0.3513888888888889 0.05263157894736842 0.0 0.16503269039094456 0.08449626261712757 0.18823531270027202 0.17391304347826086 3173.215 1
7.84293137254902 0.3631604938271605 0.10679611650485436 0.009708737864077669 0.19291102198454058 0.0758559066773238 0.180392161011696 0.20155038759689922 1592.286 0
262.7886642857143 0.37592857142857145 0.1702127659574468 0.0 0.19607844135978014 0.08358362753371013 0.176470592617989 0.23783783783783785 73420.607 2
1.1544390243902438 0.3996769230769231 0.13253012048192772 0.024096385542168676 0.18119659102880054 0.05155019981811786 0.18431372940540303 0.319672131147541 189.125 0
68.55391999999999 0.38963333333333333 0.27631578947368424 0.02631578947368421 0.18649238513575667 0.07211630733092027 0.180392161011696 0.2621359223300971 10282.849999999999 0
117.12105952380952 0.4524179104477612 0.023529411764705882 0.047058823529411764 0.17745099067687994 0.04261576490495251 0.19215688109397897 0.19047619047619047 19673.186 0
3432.45525 0.3892982456140351 0.2054794520547945 0.0 0.17588962780104753 0.10711922095539804 0.0 0.27 247220.40899999999 0
1.3028666666666666 0.5328055555555555 0.06521739130434782 0.0 0.1959695124791728 0.08502526667977987 0.20000001788139302 0.43902439024390244 122.565 0
983.5133152173913 0.5135342465753424 0.10752688172043011 0.010752688172043012 0.19030304266647868 0.07662352117398392 0.19215688109397897 0.3716216216216216 180967.07400000002 1
0.4038 0.26151315789473684 0.020833333333333332 0.0 0.2065359639624756 0.12038796560132121 0.203921586275101 0.1111111111111111 62.507 2
0.4913924050632911 0.32336507936507936 0.0 0.0 0.1766666784882547 0.04277879406417015 0.19215688109397897 0.2 76.245 2
0.8229701492537314 0.4323207547169811 0.23529411764705882 0.0 0.20172167805636804 0.09303730529804267 0.19215688109397897 0.3761467889908257 110.122 0
0.6307894736842106 0.32955 0.14285714285714285 0.0 0.20144480309988327 0.0470626516229708 0.18823531270027202 0.19791666666666666 93.862 0
500.32138983050845 0.5029148936170212 0.016666666666666666 0.0 0.19661320339549682 0.07159051790718234 0.18823531270027202 0.2682926829268293 59024.297 -2
4.663857142857143 0.40775 0.19718309859154928 0.0 0.18935575549091616 0.009658482947948877 0.19607844948768602 0.16470588235294117 648.947 -2
508.74795505617976 0.591112676056338 0.1111111111111111 0.0 0.21340924597555597 0.12424535886067756 0.18431372940540303 0.256198347107438 90560.855 1
89.53388172043012 0.488972972972973 0.02127659574468085 0.0 0.21427016705274587 0.08859201518480089 0.18823531270027202 0.27692307692307694 16642.405 0
0.565375 0.3532571428571429 0.11235955056179775 0.0 0.17864924917618438 0.10438276057001666 0.19607844948768602 0.16822429906542055 97.767 0
166.3454683908046 0.44021223021582734 0.2349570200573066 0.0 0.19492901579059413 0.07384188410597828 0.180392161011696 0.24946236559139784 115775.635 2
456.8988529411765 0.4246111111111111 0.2028985507246377 0.0 0.1814088699994264 0.08709736015292022 0.180392161011696 0.28125 62129.379 0
456.83995454545453 0.47044285714285716 0.1348314606741573 0.0 0.18360072306611327 0.09380306221255005 0.180392161011696 0.1981981981981982 80388.942 0
310.2572883435583 0.6341307692307693 0.13414634146341464 0.036585365853658534 0.19290147514282913 0.06340489540227659 0.180392161011696 0.32510288065843623 50941.978 0
368.663140625 0.6787254901960784 0.06153846153846154 0.03076923076923077 0.22067737647078264 0.0914273329030317 0.176470592617989 0.25287356321839083 23924.391 0
166.90959523809522 0.3184776119402985 0.0 0.0 0.2126361785663499 0.0903369472260465 0.18431372940540303 0.17475728155339806 28040.209000000003 0
114.68417857142857 0.8277954545454546 0.14035087719298245 0.03508771929824561 0.1998431515693665 0.06606301694755144 0.18823531270027202 0.3048780487804878 12848.662 0
1106.3274132231404 0.40828125 0.12295081967213115 0.00819672131147541 0.20224090612360415 0.07944464849946087 0.180392161011696 0.18666666666666668 267709.071 0
1200.4593734939758 0.5615 0.08333333333333333 0.011904761904761904 0.19738563256604336 0.07132872633003676 0.180392161011696 0.2 199275.036 0
321.3026111111111 0.9408771929824562 0.0273972602739726 0.0410958904109589 0.20217866036627047 0.06091419112890589 0.18823531270027202 0.10975609756097561 43490.073000000004 0
1633.7064255319149 0.3024133333333333 0.22105263157894736 0.0 0.18692811465624612 0.089986262309655 0.18431372940540303 0.2578125 306487.726 2
68.926125 0.4765277777777778 0.08759124087591241 0.014598540145985401 0.20253750155953812 0.05139240518408451 0.18823531270027202 0.11038961038961038 18742.34 2
1.3410877192982456 0.6427777777777778 0.13793103448275862 0.0 0.17520185253199416 0.04937573417928116 0.180392161011696 0.3695652173913043 154.593 0
2.725808917197452 0.3999243027888446 0.12698412698412698 0.0 0.17512900872450138 0.05689223016634014 0.180392161011696 0.19437340153452684 1687.368 0
37.12333962264151 0.8432857142857143 0.05555555555555555 0.0 0.18697028102413316 0.05770960485624008 0.176470592617989 0.36470588235294116 3922.52 0
25.323065217391303 0.599027397260274 0.07526881720430108 0.0 0.17653488722003877 0.09740315062235363 0.180392161011696 0.3961038961038961 17752.9 0
390.1973015873016 0.67014 0.0 0.0 0.2086749984459444 0.06604931992621323 0.19607844948768602 0.3402061855670103 49164.66 0
800.9349545454546 0.6387692307692308 0.19402985074626866 0.04477611940298507 0.1682709543542429 0.05495408191142321 0.18823531270027202 0.24719101123595505 105723.94 -2
44.31120886075949 0.5135079365079365 0.018867924528301886 0.012578616352201259 0.20865451004998442 0.05679392814018947 0.19215688109397897 0.15425531914893617 13999.458 -2
3.9225398633257402 0.4261310541310541 0.07727272727272727 0.015909090909090907 0.19514194942677204 0.06068446873533734 0.18431372940540303 0.23344947735191637 3219.228 0
0.712214953271028 0.5026235294117647 0.009259259259259259 0.0 0.21045752863089245 0.05430345994028015 0.18431372940540303 0.07692307692307693 123.63799999999999 -2
240.57292118226601 0.6526481481481482 0.08333333333333333 0.04411764705882353 0.21083592427404307 0.07801924230911596 0.180392161011696 0.15702479338842976 97665.465 1
851.2969142857143 0.6324821428571429 0.09859154929577464 0.028169014084507043 0.19950981624424463 0.0498286255313055 0.18431372940540303 0.1839080459770115 119176.637 0
89.00858666666667 1.0140666666666667 0.11842105263157894 0.02631578947368421 0.18477509740520942 0.009184595545239864 0.18823531270027202 0.1827956989247312 12950.17 0
648.941375 0.5571176470588235 0.0 0.046153846153846156 0.17712419562869622 0.04473804853402006 0.18823531270027202 0.21686746987951808 83064.61 0
2111.6321864406777 0.3683297872340426 0.03361344537815126 0.0 0.19164536958155434 0.006509028606301716 0.18823531270027202 0.1619718309859155 497980.106 2
306.04715999999996 0.33754 0.1349206349206349 0.0 0.19215687312956525 0.05741545725134488 0.18823531270027202 0.1870967741935484 38320.083 2
1260.672646153846 0.8531346153846154 0.07575757575757576 0.07575757575757576 0.19921569645404832 0.09175269996282956 0.180392161011696 0.27472527472527475 163880.66700000002 0
388.3175034965035 0.486359649122807 0.09722222222222222 0.020833333333333332 0.17276689437804402 0.06162719247074803 0.180392161011696 0.2727272727272727 111058.783 0
17.99626168224299 0.39015204678362575 0.17674418604651163 0.004651162790697674 0.19549313476726202 0.08388150747994351 0.18823531270027202 0.2375886524822695 7697.251 2
939.358090909091 8.26525 0.0 0.0 0.11218921218029002 0.03860039003566228 0.137254908680916 0.8899082568807339 20715.717 1
24.14224074074074 3.4126046511627908 0.36363636363636365 0.01818181818181818 0.10687909102222574 0.05045243134948883 0.0 0.897196261682243 3837.414 2
5893.702200000001 205.92725000000002 0.5 0.0 0.103921574436956 0.057328453958618304 0.0 0.8873239436619719 176844.732 1
154.419 6.4154 0.25 0.0 0.10809105908733677 0.05845974202439835 0.0 0.9157894736842105 3714.382 1
1512.9728421052632 5.969266666666667 0.3 0.0 0.09577342642264236 0.046435713107745455 0.0 0.9 83014.722 2
10347.251999999999 10347.251999999999 0.0 0.0 0.11521298866504907 0.052532553900036236 0.11764706671237898 0.9456521739130435 82776.99799999999 2
494.7085714285714 4.0292 0.25 0.0 0.10765460656526 0.04522369058319759 0.133333340287209 0.9285714285714286 104048.137 1
6725.413600000001 213.78575 0.0 0.0 0.10450089714405213 0.04028753925503427 0.0901960805058479 0.9361702127659575 78178.281 2
319.609 4.61125 0.16666666666666666 0.0 0.12215897705285782 0.053828709790955685 0.12941177189350098 0.9393939393939394 3319.4809999999998 1
2109.626625 3.4891666666666667 0.3333333333333333 0.0 0.1027247322263656 0.04942060787072113 0.0 0.8953488372093024 33758.96 2
1222.3400000000001 1222.3400000000001 0.3333333333333333 0.0 0.10531309911961197 0.04946933803345133 0.0 0.9841269841269841 46009.645 2
2851.5806913580245 120.75874999999999 0.24390243902439024 0.012195121951219513 0.11286126424986605 0.049645715734401116 0.0 0.9114470842332614 498462.902 1
13006.399428571429 10.638 0.375 0.0 0.11173358878919057 0.04762986075665514 0.121568635106087 0.9402985074626866 183245.08000000002 2
1268.6165 1268.6165 0.3333333333333333 0.0 0.12432306880752247 0.05395827734895541 0.105882361531258 0.9655172413793104 38397.188 1
357.39807812500004 1.1906470588235294 0.6 0.0 0.09861418827527897 0.04251137463948 0.0 0.8036253776435045 45942.474 1
1725.3461111111112 54.973142857142854 0.6 0.0 0.10045662644791276 0.0588838870023329 0.0 0.8795180722891566 51766.547999999995 2
11.1475 1.625413043478261 0.2542372881355932 0.0 0.10968509197912435 0.046325737306214684 0.0 0.8703296703296703 2410.074 2
4133.88875 2.7462631578947367 0.24 0.0 0.11926876663937605 0.03740043548942752 0.0980392247438431 0.8417721518987342 213274.367 2
3.7646296296296295 1.5903488372093022 0.36363636363636365 0.0 0.11250364273034852 0.04121329539577226 0.11764706671237898 0.8596938775510204 1588.9389999999999 2
6484.533 1058.5012 0.375 0.0 0.13566508335438934 0.06431660613731159 0.0 0.9024390243902439 135592.06900000002 1
2185.114666666667 1.4046666666666667 0.3076923076923077 0.0 0.1176973414153625 0.04577876233189754 0.137254908680916 0.8571428571428571 52808.708 1
8.61475 3.8120000000000003 0.4 0.0 0.08630952910919276 0.06637507502384696 0.0 0.9572649572649573 6867.291 1
2332.4064285714285 1.1256 0.5 0.0 0.11520245148764034 0.05004314132909015 0.109803929924965 0.9058823529411765 33717.772 2
1286.547625 2.7451666666666665 0.2222222222222222 0.0 0.13052530301573842 0.029764128277074968 0.149019613862038 0.9 22690.152000000002 2
835.49725 1.5798333333333334 0.3333333333333333 0.0 0.10738652260744408 0.053577355686956006 0.0 0.8902439024390244 19183.692 2
1130.8175 2.2555 0.0 0.0 0.12257552318073604 0.039269696479974754 0.133333340287209 0.9135802469135802 23306.159 0
6.904219512195122 2.61025 0.42857142857142855 0.0 0.09424502005816522 0.05550501356458583 0.0 0.9330143540669856 50434.522 2
4116.184277777777 4.013 0.15789473684210525 0.0 0.08713597452542818 0.056539904779241285 0.0 0.941358024691358 149150.829 2
17487.5265 17487.5265 0.0 0.0 0.09038282451885087 0.062324082617553525 0.0 0.9655172413793104 70262.764 2
4190.226769230769 10.8816 0.14285714285714285 0.0 0.1145658328064851 0.030616782213322962 0.133333340287209 0.875 109603.97399999999 1
65.47917879622345 0.3188367346938776 0.1496558505408063 0.004523107177974435 0.8421052631578947 0.6180034563070439 1.0 0.02192729371032891 659109.5360000001 2
44.501682352941174 0.2725 0.23255813953488372 0.011627906976744186 1.0 0.0 1.0 0.011494252873563218 3782.643 1
6.915871064467766 0.3100581613508443 0.1347305389221557 0.0 1.0 0.0 1.0 0.007429420505200594 8780.327000000001 0
43.22846391752577 0.3516233766233766 0.08163265306122448 0.02040816326530612 1.0 0.0 1.0 0.010101010101010102 4193.161 0
26.014519083969464 0.28954807692307694 0.16666666666666666 0.022727272727272728 1.0 0.0 1.0 0.014925373134328358 3890.003 1
4.9740078125 0.45641176470588235 0.10077519379844961 0.0 1.0 0.0 1.0 0.007692307692307693 636.673 0
57.517123595505616 0.3590985915492958 0.08888888888888889 0.0 1.0 0.0 1.0 0.01098901098901099 5119.024 0
112.33087234042554 0.5459733333333333 0.1368421052631579 0.06315789473684211 1.0 0.0 1.0 0.04040404040404041 20601.606 1
10.86602229299363 0.33972908366533866 0.1619047619047619 0.009523809523809525 1.0 0.0 1.0 0.009433962264150943 6784.049 0
124.84801149425287 0.3317391304347826 0.1590909090909091 0.011363636363636364 2.0 0.0 2.0 0.011235955056179775 10861.777 0
9.975368421052632 0.31692013888888887 0.15469613259668508 0.0 1.0 0.0 1.0 0.016304347826086956 5461.136 1
1.5073551401869159 0.40955294117647056 0.1574074074074074 0.0 0.8333333333333334 0.408248290463863 1.0 0.05263157894736842 283.028 1
18.730813725490197 0.32185185185185183 0.1941747572815534 0.0 1.0 0.0 1.0 0.01904761904761905 2271.297 0
11.536985781990522 0.4069404761904762 0.1179245283018868 0.0 1.5 0.7071067811865476 1.0 0.009345794392523364 2655.908 1
264.8092794117647 0.42642592592592593 0.17518248175182483 0.0072992700729927005 1.0 0.5773502691896257 1.0 0.04861111111111111 72013.921 0
2.074452475247525 0.357759900990099 0.12462908011869436 0.003956478733926805 1.0 0.3922322702763681 1.0 0.013658536585365854 3490.388 1
88.61967368421053 0.4529868421052632 0.07291666666666667 0.010416666666666666 1.0 0.0 1.0 0.02040816326530612 16616.459000000003 1
51.59810486390005 0.30797042410714287 0.15165031222123104 0.001784121320249777 0.84 0.5537749241945383 1.0 0.011027790030877812 231188.104 1
2.785541968911917 0.345979274611399 0.17701863354037267 0.004140786749482402 1.0 0.816496580927726 1.0 0.004123711340206186 4476.208 1
132.40801204819277 0.4729090909090909 0.09523809523809523 0.0 1.0 0.0 1.0 0.011764705882352941 10989.865 0
12.641698529411764 0.39131336405529954 0.09157509157509157 0.01098901098901099 1.0 0.0 1.0 0.007272727272727273 3458.987 1
4.987238380809595 0.32813508442776734 0.22305389221556887 0.014970059880239521 1.0 0.0 1.0 0.005952380952380952 6184.138 1
1.6917702265372168 0.3311417004048583 0.17096774193548386 0.00967741935483871 1.3333333333333333 0.5773502691896257 1.0 0.009584664536741214 777.736 1
